0		엘모라드	0	0	0	100	0	0	0	1	0	0	0	0	0	0	0	0	0	0	0	0	0	0	0	0	0	0	0	0	0	0	0	0	0	0	0	0	0	0	0	0	0	0	0	0	0	0	0
1	Upgrade	업그레이드기본형	0	5	0	100	0	0	0	2	0	0	0	0	0	0	0	0	0	0	0	0	0	0	0	0	0	0	0	0	0	0	0	0	0	0	0	0	0	0	0	0	0	0	0	0	0	0	0
2	Upgrade	기본업2	0	5	4	100	0	0	1000	3	0	0	0	0	0	0	0	0	0	0	0	0	0	0	0	0	0	0	0	0	0	0	0	0	0	0	0	0	0	0	0	2	0	0	0	0	0	0	4
3	Upgrade	기본업3	0	5	8	100	0	0	2000	4	0	0	0	0	0	0	0	0	0	0	0	0	0	0	0	0	0	0	0	0	0	0	0	0	0	0	0	0	0	0	0	4	0	0	0	0	0	0	8
4	Upgrade	기본업4	0	5	12	100	0	0	3000	4	0	0	0	0	0	0	0	0	0	0	0	0	0	0	0	0	0	0	0	0	0	0	0	0	0	0	0	0	0	0	0	6	0	0	0	0	0	0	12
5	Upgrade	기본업5	0	5	16	100	0	0	4000	4	0	0	0	0	0	0	0	0	0	0	0	0	0	0	0	0	0	0	0	0	0	0	0	0	0	0	0	0	0	0	0	8	0	0	0	0	0	0	16
6	Upgrade	기본업6	0	5	20	100	0	0	5000	4	0	0	0	0	0	0	0	0	0	0	0	0	0	0	0	0	0	0	0	0	0	0	0	0	0	0	0	0	0	0	0	10	0	0	0	0	0	0	20
7	Upgrade	기본업7	0	5	26	100	0	0	6000	4	0	0	0	0	0	0	0	0	0	0	0	0	0	0	0	1	0	0	0	0	0	0	0	0	0	0	0	0	0	0	0	12	0	0	0	0	0	0	24
8	Upgrade	기본업8	0	5	35	100	0	0	7000	4	0	0	0	0	0	0	0	0	0	0	0	0	0	0	0	1	0	0	0	0	0	0	0	0	0	0	0	0	0	0	0	14	0	0	0	0	0	0	28
9	Upgrade	기본업9	0	5	48	100	0	0	8000	4	0	0	0	0	0	0	0	0	0	0	0	0	0	0	0	1	0	0	0	0	0	0	0	0	0	0	0	0	0	0	0	16	0	0	0	0	0	0	32
10	Upgrade	기본업10	0	5	68	100	0	0	9000	4	0	0	0	0	0	0	0	0	0	0	0	0	0	0	0	1	0	0	0	0	0	0	0	0	0	0	0	0	0	0	0	18	0	0	0	0	0	0	36
11	Magic	마력1	0	5	0	100	0	0	0	2	0	0	0	0	0	0	0	0	0	0	0	0	0	0	0	0	0	0	0	0	2	0	0	0	0	0	0	0	0	0	0	0	0	0	0	0	0	0	0
12	Magic	마력2	0	5	4	100	0	0	1000	3	0	0	0	0	0	0	0	0	0	0	0	0	0	0	0	0	0	0	0	0	2	0	0	0	0	0	0	0	0	0	0	2	0	0	0	0	0	0	4
13	Magic	마력3	0	5	8	100	0	0	2000	4	0	0	0	0	0	0	0	0	0	0	0	0	0	0	0	0	0	0	0	0	4	0	0	0	0	0	0	0	0	0	0	4	0	0	0	0	0	0	8
14	Magic	마력4	0	5	12	100	0	0	3000	4	0	0	0	0	0	0	0	0	0	0	0	0	0	0	0	0	0	0	0	0	6	0	0	0	0	0	0	0	0	0	0	6	0	0	0	0	0	0	12
15	Magic	마력5	0	5	16	100	0	0	4000	4	0	0	0	0	0	0	0	0	0	0	0	0	0	0	0	0	0	0	0	0	8	0	0	0	0	0	0	0	0	0	0	8	0	0	0	0	0	0	16
16	Magic	마력6	0	5	20	100	0	0	5000	4	0	0	0	0	0	0	0	0	0	0	0	0	0	0	0	0	0	0	0	0	10	0	0	0	0	0	0	0	0	0	0	10	0	0	0	0	0	0	20
17	Magic	마력7	0	5	26	100	0	0	6000	4	0	0	0	0	0	0	0	0	0	0	0	0	0	0	0	1	0	0	0	0	12	0	0	0	0	0	0	0	0	0	0	12	0	0	0	0	0	0	24
18	Magic	마력8	0	5	35	100	0	0	7000	4	0	0	0	0	0	0	0	0	0	0	0	0	0	0	0	1	0	0	0	0	14	0	0	0	0	0	0	0	0	0	0	14	0	0	0	0	0	0	28
19	Magic	마력9	0	5	48	100	0	0	8000	4	0	0	0	0	0	0	0	0	0	0	0	0	0	0	0	1	0	0	0	0	16	0	0	0	0	0	0	0	0	0	0	16	0	0	0	0	0	0	32
20	Magic	마력10	0	5	68	100	0	0	9000	4	0	0	0	0	0	0	0	0	0	0	0	0	0	0	0	1	0	0	0	0	18	0	0	0	0	0	0	0	0	0	0	18	0	0	0	0	0	0	36
21	Soul	마법저항1	0	5	0	100	0	0	0	2	0	0	0	0	0	0	0	0	0	0	0	0	0	0	0	0	0	0	0	0	0	0	0	0	0	0	3	0	0	0	0	0	0	0	0	0	0	0	0
22	Soul	마법저항2	0	5	4	100	0	0	1000	3	0	0	0	0	0	0	0	0	0	0	0	0	0	0	0	0	0	0	0	0	0	0	0	0	0	0	3	0	0	0	0	2	0	0	0	0	0	0	4
23	Soul	마법저항3	0	5	8	100	0	0	2000	4	0	0	0	0	0	0	0	0	0	0	0	0	0	0	0	0	0	0	0	0	0	0	0	0	0	0	6	0	0	0	0	4	0	0	0	0	0	0	8
24	Soul	마법저항4	0	5	12	100	0	0	3000	4	0	0	0	0	0	0	0	0	0	0	0	0	0	0	0	0	0	0	0	0	0	0	0	0	0	0	9	0	0	0	0	6	0	0	0	0	0	0	12
25	Soul	마법저항5	0	5	16	100	0	0	4000	4	0	0	0	0	0	0	0	0	0	0	0	0	0	0	0	0	0	0	0	0	0	0	0	0	0	0	12	0	0	0	0	8	0	0	0	0	0	0	16
26	Soul	마법저항6	0	5	20	100	0	0	5000	4	0	0	0	0	0	0	0	0	0	0	0	0	0	0	0	0	0	0	0	0	0	0	0	0	0	0	15	0	0	0	0	10	0	0	0	0	0	0	20
27	Soul	마법저항7	0	5	26	100	0	0	6000	4	0	0	0	0	0	0	0	0	0	0	0	0	0	0	0	1	0	0	0	0	0	0	0	0	0	0	18	0	0	0	0	12	0	0	0	0	0	0	24
28	Soul	마법저항8	0	5	35	100	0	0	7000	4	0	0	0	0	0	0	0	0	0	0	0	0	0	0	0	1	0	0	0	0	0	0	0	0	0	0	21	0	0	0	0	14	0	0	0	0	0	0	28
29	Soul	마법저항9	0	5	48	100	0	0	8000	4	0	0	0	0	0	0	0	0	0	0	0	0	0	0	0	1	0	0	0	0	0	0	0	0	0	0	24	0	0	0	0	16	0	0	0	0	0	0	32
30	Soul	마법저항10	0	5	68	100	0	0	9000	4	0	0	0	0	0	0	0	0	0	0	0	0	0	0	0	1	0	0	0	0	0	0	0	0	0	0	27	0	0	0	0	18	0	0	0	0	0	0	36
31	Light	능력치제한감소1	0	5	0	100	0	0	0	2	0	0	0	0	0	0	0	0	0	0	0	0	0	0	0	0	0	0	0	0	0	0	0	0	0	0	0	0	0	0	0	0	0	0	0	0	0	0	-32
32	Light	능력치제한감소2	0	5	4	100	0	0	1000	3	0	0	0	0	0	0	0	0	0	0	0	0	0	0	0	0	0	0	0	0	0	0	0	0	0	0	0	0	0	0	0	2	0	0	0	0	0	0	-28
33	Light	능력치제한감소3	0	5	8	100	0	0	2000	4	0	0	0	0	0	0	0	0	0	0	0	0	0	0	0	0	0	0	0	0	0	0	0	0	0	0	0	0	0	0	0	4	0	0	0	0	0	0	-24
34	Light	능력치제한감소4	0	5	12	100	0	0	3000	4	0	0	0	0	0	0	0	0	0	0	0	0	0	0	0	0	0	0	0	0	0	0	0	0	0	0	0	0	0	0	0	6	0	0	0	0	0	0	-20
35	Light	능력치제한감소5	0	5	16	100	0	0	4000	4	0	0	0	0	0	0	0	0	0	0	0	0	0	0	0	0	0	0	0	0	0	0	0	0	0	0	0	0	0	0	0	8	0	0	0	0	0	0	-16
36	Light	능력치제한감소6	0	5	20	100	0	0	5000	4	0	0	0	0	0	0	0	0	0	0	0	0	0	0	0	0	0	0	0	0	0	0	0	0	0	0	0	0	0	0	0	10	0	0	0	0	0	0	-12
37	Light	능력치제한감소7	0	5	26	100	0	0	6000	4	0	0	0	0	0	0	0	0	0	0	0	0	0	0	0	1	0	0	0	0	0	0	0	0	0	0	0	0	0	0	0	12	0	0	0	0	0	0	-8
38	Light	능력치제한감소8	0	5	35	100	0	0	7000	4	0	0	0	0	0	0	0	0	0	0	0	0	0	0	0	1	0	0	0	0	0	0	0	0	0	0	0	0	0	0	0	14	0	0	0	0	0	0	-4
39	Light	능력치제한감소9	0	5	48	100	0	0	8000	4	0	0	0	0	0	0	0	0	0	0	0	0	0	0	0	1	0	0	0	0	0	0	0	0	0	0	0	0	0	0	0	16	0	0	0	0	0	0	-4
40	Light	능력치제한감소10	0	5	68	100	0	0	9000	4	0	0	0	0	0	0	0	0	0	0	0	0	0	0	0	1	0	0	0	0	0	0	0	0	0	0	0	0	0	0	0	18	0	0	0	0	0	0	-4
41	Lightning	전격속성 1	0	5	0	100	0	0	0	2	0	0	0	0	0	0	0	0	0	8	0	0	0	0	0	0	0	0	0	0	0	0	0	0	0	0	0	0	0	0	0	0	0	0	0	0	0	0	0
42	Lightning	전격속성 2	0	5	4	100	0	0	1000	3	0	0	0	0	0	0	0	0	0	16	0	0	0	0	0	0	0	0	0	0	0	0	0	0	0	0	0	0	0	0	0	2	0	0	0	0	0	0	4
43	Lightning	전격속성 3	0	5	8	100	0	0	2000	4	0	0	0	0	0	0	0	0	0	24	0	0	0	0	0	0	0	0	0	0	0	0	0	0	0	0	0	0	0	0	0	4	0	0	0	0	0	0	8
44	Lightning	전격속성 4	0	5	12	100	0	0	3000	4	0	0	0	0	0	0	0	0	0	32	0	0	0	0	0	0	0	0	0	0	0	0	0	0	0	0	0	0	0	0	0	6	0	0	0	0	0	0	12
45	Lightning	전격속성 5	0	5	16	100	0	0	4000	4	0	0	0	0	0	0	0	0	0	40	0	0	0	0	0	0	0	0	0	0	0	0	0	0	0	0	0	0	0	0	0	8	0	0	0	0	0	0	16
46	Lightning	전격속성 6	0	5	20	100	0	0	5000	4	0	0	0	0	0	0	0	0	0	48	0	0	0	0	0	0	0	0	0	0	0	0	0	0	0	0	0	0	0	0	0	10	0	0	0	0	0	0	20
47	Lightning	전격속성 7	0	5	26	100	0	0	6000	4	0	0	0	0	0	0	0	0	0	56	0	0	0	0	0	1	0	0	0	0	0	0	0	0	0	0	0	0	0	0	0	12	0	0	0	0	0	0	24
48	Lightning	전격속성 8	0	5	35	100	0	0	7000	4	0	0	0	0	0	0	0	0	0	64	0	0	0	0	0	1	0	0	0	0	0	0	0	0	0	0	0	0	0	0	0	14	0	0	0	0	0	0	28
49	Lightning	전격속성 9	0	5	48	100	0	0	8000	4	0	0	0	0	0	0	0	0	0	72	0	0	0	0	0	1	0	0	0	0	0	0	0	0	0	0	0	0	0	0	0	16	0	0	0	0	0	0	32
50	Lightning	전격속성 10	0	5	68	100	0	0	9000	4	0	0	0	0	0	0	0	0	0	80	0	0	0	0	0	1	0	0	0	0	0	0	0	0	0	0	0	0	0	0	0	18	0	0	0	0	0	0	36
51		몹드롭기본형	0	0	0	100	0	0	0	2	0	0	0	0	0	0	0	0	0	0	0	0	0	0	0	0	0	0	0	0	0	0	0	0	0	0	0	0	0	0	0	0	0	0	0	0	0	0	0
52		몹드롭기본2	0	0	2	100	0	0	1000	3	0	0	0	0	0	0	0	0	0	0	0	0	0	0	0	0	0	0	0	0	0	0	0	0	0	0	0	0	0	0	0	2	0	0	0	0	0	0	4
53		몹드롭기본3	0	0	6	100	0	0	2000	4	0	0	0	0	0	0	0	0	0	0	0	0	0	0	0	0	0	0	0	0	0	0	0	0	0	0	0	0	0	0	0	4	0	0	0	0	0	0	8
54		몹드롭기본4	0	0	10	100	0	0	3000	4	0	0	0	0	0	0	0	0	0	0	0	0	0	0	0	0	0	0	0	0	0	0	0	0	0	0	0	0	0	0	0	6	0	0	0	0	0	0	12
55		몹드롭기본5	0	0	14	100	0	0	4000	4	0	0	0	0	0	0	0	0	0	0	0	0	0	0	0	0	0	0	0	0	0	0	0	0	0	0	0	0	0	0	0	8	0	0	0	0	0	0	16
56		몹드롭기본6	0	0	18	100	0	0	5000	4	0	0	0	0	0	0	0	0	0	0	0	0	0	0	0	0	0	0	0	0	0	0	0	0	0	0	0	0	0	0	0	10	0	0	0	0	0	0	20
57		몹드롭기본7	0	0	22	100	0	0	6000	4	0	0	0	0	0	0	0	0	0	0	0	0	0	0	0	0	0	0	0	0	0	0	0	0	0	0	0	0	0	0	0	12	0	0	0	0	0	0	24
58		몹드롭기본8	0	0	26	100	0	0	7000	4	0	0	0	0	0	0	0	0	0	0	0	0	0	0	0	0	0	0	0	0	0	0	0	0	0	0	0	0	0	0	0	14	0	0	0	0	0	0	28
59		몹드롭기본9	0	0	30	100	0	0	8000	4	0	0	0	0	0	0	0	0	0	0	0	0	0	0	0	0	0	0	0	0	0	0	0	0	0	0	0	0	0	0	0	16	0	0	0	0	0	0	32
60	Unique	??	0	4	30	100	0	0	9000	4	0	0	0	0	0	0	0	0	0	0	0	0	0	0	0	0	0	0	0	0	0	0	0	0	0	0	0	0	0	0	0	16	0	0	0	0	0	0	32
61	Strong	몹드롭내구력1	0	1	0	100	0	0	0	2	0	0	0	0	0	0	0	0	0	0	0	0	0	0	0	0	0	0	0	0	0	0	0	0	0	0	0	0	0	0	0	0	0	0	0	0	0	0	0
62	Strong	몹드롭내구력2	0	1	2	100	0	0	1000	3	0	0	0	0	0	0	0	0	0	0	0	0	0	0	0	0	0	0	0	0	0	0	0	0	0	0	0	0	0	0	0	2	0	0	0	0	0	0	4
63	Strong	몹드롭내구력3	0	1	6	100	0	0	2000	4	0	0	0	0	0	0	0	0	0	0	0	0	0	0	0	0	0	0	0	0	0	0	0	0	0	0	0	0	0	0	0	4	0	0	0	0	0	0	8
64	Strong	몹드롭내구력4	0	1	10	100	0	0	3000	4	0	0	0	0	0	0	0	0	0	0	0	0	0	0	0	0	0	0	0	0	0	0	0	0	0	0	0	0	0	0	0	6	0	0	0	0	0	0	12
65	Strong	몹드롭내구력5	0	1	14	100	0	0	4000	4	0	0	0	0	0	0	0	0	0	0	0	0	0	0	0	0	0	0	0	0	0	0	0	0	0	0	0	0	0	0	0	8	0	0	0	0	0	0	16
66	Strong	몹드롭내구력6	0	1	18	100	0	0	5000	4	0	0	0	0	0	0	0	0	0	0	0	0	0	0	0	0	0	0	0	0	0	0	0	0	0	0	0	0	0	0	0	10	0	0	0	0	0	0	20
67	Strong	몹드롭내구력7	0	1	22	100	0	0	6000	4	0	0	0	0	0	0	0	0	0	0	0	0	0	0	0	0	0	0	0	0	0	0	0	0	0	0	0	0	0	0	0	12	0	0	0	0	0	0	24
68	Strong	몹드롭내구력8	0	1	26	100	0	0	7000	4	0	0	0	0	0	0	0	0	0	0	0	0	0	0	0	0	0	0	0	0	0	0	0	0	0	0	0	0	0	0	0	14	0	0	0	0	0	0	28
69	Strong	몹드롭내구력9	0	1	30	100	0	0	8000	4	0	0	0	0	0	0	0	0	0	0	0	0	0	0	0	0	0	0	0	0	0	0	0	0	0	0	0	0	0	0	0	16	0	0	0	0	0	0	32
70	Unique	??	0	4	30	100	0	0	9000	4	0	0	0	0	0	0	0	0	0	0	0	0	0	0	0	0	0	0	0	0	0	0	0	0	0	0	0	0	0	0	0	16	0	0	0	0	0	0	32
71	Strength	힘1	0	1	0	100	0	0	0	2	0	0	0	0	0	0	0	0	0	0	0	0	0	0	0	0	1	0	0	0	0	0	0	0	0	0	0	0	0	0	0	0	0	0	0	0	0	0	0
72	Strength	힘2	0	1	2	100	0	0	1000	3	0	0	0	0	0	0	0	0	0	0	0	0	0	0	0	0	1	0	0	0	0	0	0	0	0	0	0	0	0	0	0	2	0	0	0	0	0	0	4
73	Strength	힘3	0	1	6	100	0	0	2000	4	0	0	0	0	0	0	0	0	0	0	0	0	0	0	0	0	3	0	0	0	0	0	0	0	0	0	0	0	0	0	0	4	0	0	0	0	0	0	8
74	Strength	힘4	0	1	10	100	0	0	3000	4	0	0	0	0	0	0	0	0	0	0	0	0	0	0	0	0	5	0	0	0	0	0	0	0	0	0	0	0	0	0	0	6	0	0	0	0	0	0	12
75	Strength	힘5	0	1	14	100	0	0	4000	4	0	0	0	0	0	0	0	0	0	0	0	0	0	0	0	0	7	0	0	0	0	0	0	0	0	0	0	0	0	0	0	8	0	0	0	0	0	0	16
76	Strength	힘6	0	1	18	100	0	0	5000	4	0	0	0	0	0	0	0	0	0	0	0	0	0	0	0	0	9	0	0	0	0	0	0	0	0	0	0	0	0	0	0	10	0	0	0	0	0	0	20
77	Strength	힘7	0	1	22	100	0	0	6000	4	0	0	0	0	0	0	0	0	0	0	0	0	0	0	0	0	11	0	0	0	0	0	0	0	0	0	0	0	0	0	0	12	0	0	0	0	0	0	24
78	Strength	힘8	0	1	26	100	0	0	7000	4	0	0	0	0	0	0	0	0	0	0	0	0	0	0	0	0	13	0	0	0	0	0	0	0	0	0	0	0	0	0	0	14	0	0	0	0	0	0	28
79	Strength	힘9	0	1	30	100	0	0	8000	4	0	0	0	0	0	0	0	0	0	0	0	0	0	0	0	0	15	0	0	0	0	0	0	0	0	0	0	0	0	0	0	16	0	0	0	0	0	0	32
80	Unique	??	0	4	30	100	0	0	9000	4	0	0	0	0	0	0	0	0	0	0	0	0	0	0	0	0	15	0	0	0	0	0	0	0	0	0	0	0	0	0	0	16	0	0	0	0	0	0	32
81	Stamina	체력1	0	1	0	100	0	0	0	2	0	0	0	0	0	0	0	0	0	0	0	0	0	0	0	0	0	1	0	0	0	0	0	0	0	0	0	0	0	0	0	0	0	0	0	0	0	0	0
82	Stamina	체력2	0	1	2	100	0	0	1000	3	0	0	0	0	0	0	0	0	0	0	0	0	0	0	0	0	0	1	0	0	0	0	0	0	0	0	0	0	0	0	0	2	0	0	0	0	0	0	4
83	Stamina	체력3	0	1	6	100	0	0	2000	4	0	0	0	0	0	0	0	0	0	0	0	0	0	0	0	0	0	3	0	0	0	0	0	0	0	0	0	0	0	0	0	4	0	0	0	0	0	0	8
84	Stamina	체력4	0	1	10	100	0	0	3000	4	0	0	0	0	0	0	0	0	0	0	0	0	0	0	0	0	0	5	0	0	0	0	0	0	0	0	0	0	0	0	0	6	0	0	0	0	0	0	12
85	Stamina	체력5	0	1	14	100	0	0	4000	4	0	0	0	0	0	0	0	0	0	0	0	0	0	0	0	0	0	7	0	0	0	0	0	0	0	0	0	0	0	0	0	8	0	0	0	0	0	0	16
86	Stamina	체력6	0	1	18	100	0	0	5000	4	0	0	0	0	0	0	0	0	0	0	0	0	0	0	0	0	0	9	0	0	0	0	0	0	0	0	0	0	0	0	0	10	0	0	0	0	0	0	20
87	Stamina	체력7	0	1	22	100	0	0	6000	4	0	0	0	0	0	0	0	0	0	0	0	0	0	0	0	0	0	11	0	0	0	0	0	0	0	0	0	0	0	0	0	12	0	0	0	0	0	0	24
88	Stamina	체력8	0	1	26	100	0	0	7000	4	0	0	0	0	0	0	0	0	0	0	0	0	0	0	0	0	0	13	0	0	0	0	0	0	0	0	0	0	0	0	0	14	0	0	0	0	0	0	28
89	Stamina	체력9	0	1	30	100	0	0	8000	4	0	0	0	0	0	0	0	0	0	0	0	0	0	0	0	0	0	15	0	0	0	0	0	0	0	0	0	0	0	0	0	16	0	0	0	0	0	0	32
90	Unique	??	0	4	30	100	0	0	9000	4	0	0	0	0	0	0	0	0	0	0	0	0	0	0	0	0	0	15	0	0	0	0	0	0	0	0	0	0	0	0	0	16	0	0	0	0	0	0	32
91	Wisdom	지능1	0	1	0	100	0	0	0	2	0	0	0	0	0	0	0	0	0	0	0	0	0	0	0	0	0	0	0	1	0	0	0	0	0	0	0	0	0	0	0	0	0	0	0	0	0	0	0
92	Wisdom	지능2	0	1	2	100	0	0	1000	3	0	0	0	0	0	0	0	0	0	0	0	0	0	0	0	0	0	0	0	1	0	0	0	0	0	0	0	0	0	0	0	2	0	0	0	0	0	0	4
93	Wisdom	지능3	0	1	6	100	0	0	2000	4	0	0	0	0	0	0	0	0	0	0	0	0	0	0	0	0	0	0	0	3	0	0	0	0	0	0	0	0	0	0	0	4	0	0	0	0	0	0	8
94	Wisdom	지능4	0	1	10	100	0	0	3000	4	0	0	0	0	0	0	0	0	0	0	0	0	0	0	0	0	0	0	0	5	0	0	0	0	0	0	0	0	0	0	0	6	0	0	0	0	0	0	12
95	Wisdom	지능5	0	1	14	100	0	0	4000	4	0	0	0	0	0	0	0	0	0	0	0	0	0	0	0	0	0	0	0	7	0	0	0	0	0	0	0	0	0	0	0	8	0	0	0	0	0	0	16
96	Wisdom	지능6	0	1	18	100	0	0	5000	4	0	0	0	0	0	0	0	0	0	0	0	0	0	0	0	0	0	0	0	9	0	0	0	0	0	0	0	0	0	0	0	10	0	0	0	0	0	0	20
97	Wisdom	지능7	0	1	22	100	0	0	6000	4	0	0	0	0	0	0	0	0	0	0	0	0	0	0	0	0	0	0	0	11	0	0	0	0	0	0	0	0	0	0	0	12	0	0	0	0	0	0	24
98	Wisdom	지능8	0	1	26	100	0	0	7000	4	0	0	0	0	0	0	0	0	0	0	0	0	0	0	0	0	0	0	0	13	0	0	0	0	0	0	0	0	0	0	0	14	0	0	0	0	0	0	28
99	Wisdom	지능9	0	1	30	100	0	0	8000	4	0	0	0	0	0	0	0	0	0	0	0	0	0	0	0	0	0	0	0	15	0	0	0	0	0	0	0	0	0	0	0	16	0	0	0	0	0	0	32
100	Unique	??	0	4	30	100	0	0	9000	4	0	0	0	0	0	0	0	0	0	0	0	0	0	0	0	0	0	0	0	15	0	0	0	0	0	0	0	0	0	0	0	16	0	0	0	0	0	0	32
101	Salamander	화염저항1	0	1	0	100	0	0	0	2	0	0	0	0	0	0	0	0	0	0	0	0	0	0	0	0	0	0	0	0	0	0	0	1	0	0	0	0	0	0	0	0	0	0	0	0	0	0	0
102	Salamander	화염저항2	0	1	2	100	0	0	1000	3	0	0	0	0	0	0	0	0	0	0	0	0	0	0	0	0	0	0	0	0	0	0	0	1	0	0	0	0	0	0	0	2	0	0	0	0	0	0	4
103	Salamander	화염저항3	0	1	6	100	0	0	2000	4	0	0	0	0	0	0	0	0	0	0	0	0	0	0	0	0	0	0	0	0	0	0	0	4	0	0	0	0	0	0	0	4	0	0	0	0	0	0	8
104	Salamander	화염저항4	0	1	10	100	0	0	3000	4	0	0	0	0	0	0	0	0	0	0	0	0	0	0	0	0	0	0	0	0	0	0	0	7	0	0	0	0	0	0	0	6	0	0	0	0	0	0	12
105	Salamander	화염저항5	0	1	14	100	0	0	4000	4	0	0	0	0	0	0	0	0	0	0	0	0	0	0	0	0	0	0	0	0	0	0	0	10	0	0	0	0	0	0	0	8	0	0	0	0	0	0	16
106	Salamander	화염저항6	0	1	18	100	0	0	5000	4	0	0	0	0	0	0	0	0	0	0	0	0	0	0	0	0	0	0	0	0	0	0	0	13	0	0	0	0	0	0	0	10	0	0	0	0	0	0	20
107	Salamander	화염저항7	0	1	22	100	0	0	6000	4	0	0	0	0	0	0	0	0	0	0	0	0	0	0	0	0	0	0	0	0	0	0	0	16	0	0	0	0	0	0	0	12	0	0	0	0	0	0	24
108	Salamander	화염저항8	0	1	26	100	0	0	7000	4	0	0	0	0	0	0	0	0	0	0	0	0	0	0	0	0	0	0	0	0	0	0	0	19	0	0	0	0	0	0	0	14	0	0	0	0	0	0	28
109	Salamander	화염저항9	0	1	30	100	0	0	8000	4	0	0	0	0	0	0	0	0	0	0	0	0	0	0	0	0	0	0	0	0	0	0	0	22	0	0	0	0	0	0	0	16	0	0	0	0	0	0	32
110	Unique	??	0	4	30	100	0	0	9000	4	0	0	0	0	0	0	0	0	0	0	0	0	0	0	0	0	0	0	0	0	0	0	0	22	0	0	0	0	0	0	0	16	0	0	0	0	0	0	32
111	Cobalt	냉기저항1	0	1	0	100	0	0	0	2	0	0	0	0	0	0	0	0	0	0	0	0	0	0	0	0	0	0	0	0	0	0	0	0	1	0	0	0	0	0	0	0	0	0	0	0	0	0	0
112	Cobalt	냉기저항2	0	1	2	100	0	0	1000	3	0	0	0	0	0	0	0	0	0	0	0	0	0	0	0	0	0	0	0	0	0	0	0	0	1	0	0	0	0	0	0	2	0	0	0	0	0	0	4
113	Cobalt	냉기저항3	0	1	6	100	0	0	2000	4	0	0	0	0	0	0	0	0	0	0	0	0	0	0	0	0	0	0	0	0	0	0	0	0	4	0	0	0	0	0	0	4	0	0	0	0	0	0	8
114	Cobalt	냉기저항4	0	1	10	100	0	0	3000	4	0	0	0	0	0	0	0	0	0	0	0	0	0	0	0	0	0	0	0	0	0	0	0	0	7	0	0	0	0	0	0	6	0	0	0	0	0	0	12
115	Cobalt	냉기저항5	0	1	14	100	0	0	4000	4	0	0	0	0	0	0	0	0	0	0	0	0	0	0	0	0	0	0	0	0	0	0	0	0	10	0	0	0	0	0	0	8	0	0	0	0	0	0	16
116	Cobalt	냉기저항6	0	1	18	100	0	0	5000	4	0	0	0	0	0	0	0	0	0	0	0	0	0	0	0	0	0	0	0	0	0	0	0	0	13	0	0	0	0	0	0	10	0	0	0	0	0	0	20
117	Cobalt	냉기저항7	0	1	22	100	0	0	6000	4	0	0	0	0	0	0	0	0	0	0	0	0	0	0	0	0	0	0	0	0	0	0	0	0	16	0	0	0	0	0	0	12	0	0	0	0	0	0	24
118	Cobalt	냉기저항8	0	1	26	100	0	0	7000	4	0	0	0	0	0	0	0	0	0	0	0	0	0	0	0	0	0	0	0	0	0	0	0	0	19	0	0	0	0	0	0	14	0	0	0	0	0	0	28
119	Cobalt	냉기저항9	0	1	30	100	0	0	8000	4	0	0	0	0	0	0	0	0	0	0	0	0	0	0	0	0	0	0	0	0	0	0	0	0	22	0	0	0	0	0	0	16	0	0	0	0	0	0	32
120	Unique	??	0	4	30	100	0	0	9000	4	0	0	0	0	0	0	0	0	0	0	0	0	0	0	0	0	0	0	0	0	0	0	0	0	22	0	0	0	0	0	0	16	0	0	0	0	0	0	32
121	Discharge	전격저항1	0	1	0	100	0	0	0	2	0	0	0	0	0	0	0	0	0	0	0	0	0	0	0	0	0	0	0	0	0	0	0	0	0	1	0	0	0	0	0	0	0	0	0	0	0	0	0
122	Discharge	전격저항2	0	1	2	100	0	0	1000	3	0	0	0	0	0	0	0	0	0	0	0	0	0	0	0	0	0	0	0	0	0	0	0	0	0	1	0	0	0	0	0	2	0	0	0	0	0	0	4
123	Discharge	전격저항3	0	1	6	100	0	0	2000	4	0	0	0	0	0	0	0	0	0	0	0	0	0	0	0	0	0	0	0	0	0	0	0	0	0	4	0	0	0	0	0	4	0	0	0	0	0	0	8
124	Discharge	전격저항4	0	1	10	100	0	0	3000	4	0	0	0	0	0	0	0	0	0	0	0	0	0	0	0	0	0	0	0	0	0	0	0	0	0	7	0	0	0	0	0	6	0	0	0	0	0	0	12
125	Discharge	전격저항5	0	1	14	100	0	0	4000	4	0	0	0	0	0	0	0	0	0	0	0	0	0	0	0	0	0	0	0	0	0	0	0	0	0	10	0	0	0	0	0	8	0	0	0	0	0	0	16
126	Discharge	전격저항6	0	1	18	100	0	0	5000	4	0	0	0	0	0	0	0	0	0	0	0	0	0	0	0	0	0	0	0	0	0	0	0	0	0	13	0	0	0	0	0	10	0	0	0	0	0	0	20
127	Discharge	전격저항7	0	1	22	100	0	0	6000	4	0	0	0	0	0	0	0	0	0	0	0	0	0	0	0	0	0	0	0	0	0	0	0	0	0	16	0	0	0	0	0	12	0	0	0	0	0	0	24
128	Discharge	전격저항8	0	1	26	100	0	0	7000	4	0	0	0	0	0	0	0	0	0	0	0	0	0	0	0	0	0	0	0	0	0	0	0	0	0	19	0	0	0	0	0	14	0	0	0	0	0	0	28
129	Discharge	전격저항9	0	1	30	100	0	0	8000	4	0	0	0	0	0	0	0	0	0	0	0	0	0	0	0	0	0	0	0	0	0	0	0	0	0	22	0	0	0	0	0	16	0	0	0	0	0	0	32
130	Unique	??	0	4	30	100	0	0	9000	4	0	0	0	0	0	0	0	0	0	0	0	0	0	0	0	0	0	0	0	0	0	0	0	0	0	22	0	0	0	0	0	16	0	0	0	0	0	0	32
131	Viper	독저항1	0	1	0	100	0	0	0	2	0	0	0	0	0	0	0	0	0	0	0	0	0	0	0	0	0	0	0	0	0	0	0	0	0	0	0	1	0	0	0	0	0	0	0	0	0	0	0
132	Viper	독저항2	0	1	2	100	0	0	1000	3	0	0	0	0	0	0	0	0	0	0	0	0	0	0	0	0	0	0	0	0	0	0	0	0	0	0	0	1	0	0	0	2	0	0	0	0	0	0	4
133	Viper	독저항3	0	1	6	100	0	0	2000	4	0	0	0	0	0	0	0	0	0	0	0	0	0	0	0	0	0	0	0	0	0	0	0	0	0	0	0	4	0	0	0	4	0	0	0	0	0	0	8
134	Viper	독저항4	0	1	10	100	0	0	3000	4	0	0	0	0	0	0	0	0	0	0	0	0	0	0	0	0	0	0	0	0	0	0	0	0	0	0	0	7	0	0	0	6	0	0	0	0	0	0	12
135	Viper	독저항5	0	1	14	100	0	0	4000	4	0	0	0	0	0	0	0	0	0	0	0	0	0	0	0	0	0	0	0	0	0	0	0	0	0	0	0	10	0	0	0	8	0	0	0	0	0	0	16
136	Viper	독저항6	0	1	18	100	0	0	5000	4	0	0	0	0	0	0	0	0	0	0	0	0	0	0	0	0	0	0	0	0	0	0	0	0	0	0	0	13	0	0	0	10	0	0	0	0	0	0	20
137	Viper	독저항7	0	1	22	100	0	0	6000	4	0	0	0	0	0	0	0	0	0	0	0	0	0	0	0	0	0	0	0	0	0	0	0	0	0	0	0	16	0	0	0	12	0	0	0	0	0	0	24
138	Viper	독저항8	0	1	26	100	0	0	7000	4	0	0	0	0	0	0	0	0	0	0	0	0	0	0	0	0	0	0	0	0	0	0	0	0	0	0	0	19	0	0	0	14	0	0	0	0	0	0	28
139	Viper	독저항9	0	1	30	100	0	0	8000	4	0	0	0	0	0	0	0	0	0	0	0	0	0	0	0	0	0	0	0	0	0	0	0	0	0	0	0	22	0	0	0	16	0	0	0	0	0	0	32
140	Unique	??	0	4	30	100	0	0	9000	4	0	0	0	0	0	0	0	0	0	0	0	0	0	0	0	0	0	0	0	0	0	0	0	0	0	0	0	22	0	0	0	16	0	0	0	0	0	0	32
141	Holy	저주저항1	0	1	0	100	0	0	0	2	0	0	0	0	0	0	0	0	0	0	0	0	0	0	0	0	0	0	0	0	0	0	0	0	0	0	0	0	1	0	0	0	0	0	0	0	0	0	0
142	Holy	저주저항2	0	1	2	100	0	0	1000	3	0	0	0	0	0	0	0	0	0	0	0	0	0	0	0	0	0	0	0	0	0	0	0	0	0	0	0	0	1	0	0	2	0	0	0	0	0	0	4
143	Holy	저주저항3	0	1	6	100	0	0	2000	4	0	0	0	0	0	0	0	0	0	0	0	0	0	0	0	0	0	0	0	0	0	0	0	0	0	0	0	0	4	0	0	4	0	0	0	0	0	0	8
144	Holy	저주저항4	0	1	10	100	0	0	3000	4	0	0	0	0	0	0	0	0	0	0	0	0	0	0	0	0	0	0	0	0	0	0	0	0	0	0	0	0	7	0	0	6	0	0	0	0	0	0	12
145	Holy	저주저항5	0	1	14	100	0	0	4000	4	0	0	0	0	0	0	0	0	0	0	0	0	0	0	0	0	0	0	0	0	0	0	0	0	0	0	0	0	10	0	0	8	0	0	0	0	0	0	16
146	Holy	저주저항6	0	1	18	100	0	0	5000	4	0	0	0	0	0	0	0	0	0	0	0	0	0	0	0	0	0	0	0	0	0	0	0	0	0	0	0	0	13	0	0	10	0	0	0	0	0	0	20
147	Holy	저주저항7	0	1	22	100	0	0	6000	4	0	0	0	0	0	0	0	0	0	0	0	0	0	0	0	0	0	0	0	0	0	0	0	0	0	0	0	0	16	0	0	12	0	0	0	0	0	0	24
148	Holy	저주저항8	0	1	26	100	0	0	7000	4	0	0	0	0	0	0	0	0	0	0	0	0	0	0	0	0	0	0	0	0	0	0	0	0	0	0	0	0	19	0	0	14	0	0	0	0	0	0	28
149	Holy	저주저항9	0	1	30	100	0	0	8000	4	0	0	0	0	0	0	0	0	0	0	0	0	0	0	0	0	0	0	0	0	0	0	0	0	0	0	0	0	22	0	0	16	0	0	0	0	0	0	32
150	Unique	??	0	4	30	100	0	0	9000	4	0	0	0	0	0	0	0	0	0	0	0	0	0	0	0	0	0	0	0	0	0	0	0	0	0	0	0	0	22	0	0	16	0	0	0	0	0	0	32
151	Blast	레벨제한감소1	0	1	0	100	0	0	0	2	0	0	0	0	0	0	0	0	0	0	0	0	0	0	0	0	0	0	0	0	0	0	0	0	0	0	0	0	0	0	0	-16	0	0	0	0	0	0	0
152	Blast	레벨제한감소2	0	1	2	100	0	0	1000	3	0	0	0	0	0	0	0	0	0	0	0	0	0	0	0	0	0	0	0	0	0	0	0	0	0	0	0	0	0	0	0	-14	0	0	0	0	0	0	4
153	Blast	레벨제한감소3	0	1	6	100	0	0	2000	4	0	0	0	0	0	0	0	0	0	0	0	0	0	0	0	0	0	0	0	0	0	0	0	0	0	0	0	0	0	0	0	-12	0	0	0	0	0	0	8
154	Blast	레벨제한감소4	0	1	10	100	0	0	3000	4	0	0	0	0	0	0	0	0	0	0	0	0	0	0	0	0	0	0	0	0	0	0	0	0	0	0	0	0	0	0	0	-10	0	0	0	0	0	0	12
155	Blast	레벨제한감소5	0	1	14	100	0	0	4000	4	0	0	0	0	0	0	0	0	0	0	0	0	0	0	0	0	0	0	0	0	0	0	0	0	0	0	0	0	0	0	0	-8	0	0	0	0	0	0	16
156	Blast	레벨제한감소6	0	1	18	100	0	0	5000	4	0	0	0	0	0	0	0	0	0	0	0	0	0	0	0	0	0	0	0	0	0	0	0	0	0	0	0	0	0	0	0	-6	0	0	0	0	0	0	20
157	Blast	레벨제한감소7	0	1	22	100	0	0	6000	4	0	0	0	0	0	0	0	0	0	0	0	0	0	0	0	0	0	0	0	0	0	0	0	0	0	0	0	0	0	0	0	-4	0	0	0	0	0	0	24
158	Blast	레벨제한감소8	0	1	26	100	0	0	7000	4	0	0	0	0	0	0	0	0	0	0	0	0	0	0	0	0	0	0	0	0	0	0	0	0	0	0	0	0	0	0	0	-2	0	0	0	0	0	0	28
159	Blast	레벨제한감소9	0	1	30	100	0	0	8000	4	0	0	0	0	0	0	0	0	0	0	0	0	0	0	0	0	0	0	0	0	0	0	0	0	0	0	0	0	0	0	0	0	0	0	0	0	0	0	32
160	Unique	??	0	4	30	100	0	0	9000	4	0	0	0	0	0	0	0	0	0	0	0	0	0	0	0	0	0	0	0	0	0	0	0	0	0	0	0	0	0	0	0	0	0	0	0	0	0	0	32
161	Burning	불속성1	0	2	0	100	0	0	0	2	0	0	0	0	0	0	0	8	0	0	0	0	0	0	0	0	0	0	0	0	0	0	0	0	0	0	0	0	0	0	0	0	0	0	0	0	0	0	0
162	Burning	불속성2	0	2	2	100	0	0	1000	3	0	0	0	0	0	0	0	16	0	0	0	0	0	0	0	0	0	0	0	0	0	0	0	0	0	0	0	0	0	0	0	2	0	0	0	0	0	0	4
163	Burning	불속성3	0	2	6	100	0	0	2000	4	0	0	0	0	0	0	0	24	0	0	0	0	0	0	0	0	0	0	0	0	0	0	0	0	0	0	0	0	0	0	0	4	0	0	0	0	0	0	8
164	Burning	불속성4	0	2	10	100	0	0	3000	4	0	0	0	0	0	0	0	32	0	0	0	0	0	0	0	0	0	0	0	0	0	0	0	0	0	0	0	0	0	0	0	6	0	0	0	0	0	0	12
165	Burning	불속성5	0	2	14	100	0	0	4000	4	0	0	0	0	0	0	0	40	0	0	0	0	0	0	0	0	0	0	0	0	0	0	0	0	0	0	0	0	0	0	0	8	0	0	0	0	0	0	16
166	Burning	불속성6	0	2	18	100	0	0	5000	4	0	0	0	0	0	0	0	48	0	0	0	0	0	0	0	0	0	0	0	0	0	0	0	0	0	0	0	0	0	0	0	10	0	0	0	0	0	0	20
167	Burning	불속성7	0	2	22	100	0	0	6000	4	0	0	0	0	0	0	0	56	0	0	0	0	0	0	0	0	0	0	0	0	0	0	0	0	0	0	0	0	0	0	0	12	0	0	0	0	0	0	24
168	Burning	불속성8	0	2	26	100	0	0	7000	4	0	0	0	0	0	0	0	64	0	0	0	0	0	0	0	0	0	0	0	0	0	0	0	0	0	0	0	0	0	0	0	14	0	0	0	0	0	0	28
169	Burning	불속성9	0	2	30	100	0	0	8000	4	0	0	0	0	0	0	0	72	0	0	0	0	0	0	0	0	0	0	0	0	0	0	0	0	0	0	0	0	0	0	0	16	0	0	0	0	0	0	32
170	Unique	??	0	4	30	100	0	0	9000	4	0	0	0	0	0	0	0	72	0	0	0	0	0	0	0	0	0	0	0	0	0	0	0	0	0	0	0	0	0	0	0	16	0	0	0	0	0	0	32
171	Frozen	냉기속성1	0	2	0	100	0	0	0	2	0	0	0	0	0	0	0	0	8	0	0	0	0	0	0	0	0	0	0	0	0	0	0	0	0	0	0	0	0	0	0	0	0	0	0	0	0	0	0
172	Frozen	냉기속성2	0	2	2	100	0	0	1000	3	0	0	0	0	0	0	0	0	16	0	0	0	0	0	0	0	0	0	0	0	0	0	0	0	0	0	0	0	0	0	0	2	0	0	0	0	0	0	4
173	Frozen	냉기속성3	0	2	6	100	0	0	2000	4	0	0	0	0	0	0	0	0	24	0	0	0	0	0	0	0	0	0	0	0	0	0	0	0	0	0	0	0	0	0	0	4	0	0	0	0	0	0	8
174	Frozen	냉기속성4	0	2	10	100	0	0	3000	4	0	0	0	0	0	0	0	0	32	0	0	0	0	0	0	0	0	0	0	0	0	0	0	0	0	0	0	0	0	0	0	6	0	0	0	0	0	0	12
175	Frozen	냉기속성5	0	2	14	100	0	0	4000	4	0	0	0	0	0	0	0	0	40	0	0	0	0	0	0	0	0	0	0	0	0	0	0	0	0	0	0	0	0	0	0	8	0	0	0	0	0	0	16
176	Frozen	냉기속성6	0	2	18	100	0	0	5000	4	0	0	0	0	0	0	0	0	48	0	0	0	0	0	0	0	0	0	0	0	0	0	0	0	0	0	0	0	0	0	0	10	0	0	0	0	0	0	20
177	Frozen	냉기속성7	0	2	22	100	0	0	6000	4	0	0	0	0	0	0	0	0	56	0	0	0	0	0	0	0	0	0	0	0	0	0	0	0	0	0	0	0	0	0	0	12	0	0	0	0	0	0	24
178	Frozen	냉기속성8	0	2	26	100	0	0	7000	4	0	0	0	0	0	0	0	0	64	0	0	0	0	0	0	0	0	0	0	0	0	0	0	0	0	0	0	0	0	0	0	14	0	0	0	0	0	0	28
179	Frozen	냉기속성9	0	2	30	100	0	0	8000	4	0	0	0	0	0	0	0	0	72	0	0	0	0	0	0	0	0	0	0	0	0	0	0	0	0	0	0	0	0	0	0	16	0	0	0	0	0	0	32
180	Unique	??	0	4	30	100	0	0	9000	4	0	0	0	0	0	0	0	0	72	0	0	0	0	0	0	0	0	0	0	0	0	0	0	0	0	0	0	0	0	0	0	16	0	0	0	0	0	0	32
181	Lightning	전격속성1	0	2	0	100	0	0	0	2	0	0	0	0	0	0	0	0	0	8	0	0	0	0	0	0	0	0	0	0	0	0	0	0	0	0	0	0	0	0	0	0	0	0	0	0	0	0	0
182	Lightning	전격속성2	0	2	2	100	0	0	1000	3	0	0	0	0	0	0	0	0	0	16	0	0	0	0	0	0	0	0	0	0	0	0	0	0	0	0	0	0	0	0	0	2	0	0	0	0	0	0	4
183	Lightning	전격속성3	0	2	6	100	0	0	2000	4	0	0	0	0	0	0	0	0	0	24	0	0	0	0	0	0	0	0	0	0	0	0	0	0	0	0	0	0	0	0	0	4	0	0	0	0	0	0	8
184	Lightning	전격속성4	0	2	10	100	0	0	3000	4	0	0	0	0	0	0	0	0	0	32	0	0	0	0	0	0	0	0	0	0	0	0	0	0	0	0	0	0	0	0	0	6	0	0	0	0	0	0	12
185	Lightning	전격속성5	0	2	14	100	0	0	4000	4	0	0	0	0	0	0	0	0	0	40	0	0	0	0	0	0	0	0	0	0	0	0	0	0	0	0	0	0	0	0	0	8	0	0	0	0	0	0	16
186	Lightning	전격속성6	0	2	18	100	0	0	5000	4	0	0	0	0	0	0	0	0	0	48	0	0	0	0	0	0	0	0	0	0	0	0	0	0	0	0	0	0	0	0	0	10	0	0	0	0	0	0	20
187	Lightning	전격속성7	0	2	22	100	0	0	6000	4	0	0	0	0	0	0	0	0	0	56	0	0	0	0	0	0	0	0	0	0	0	0	0	0	0	0	0	0	0	0	0	12	0	0	0	0	0	0	24
188	Lightning	전격속성8	0	2	26	100	0	0	7000	4	0	0	0	0	0	0	0	0	0	64	0	0	0	0	0	0	0	0	0	0	0	0	0	0	0	0	0	0	0	0	0	14	0	0	0	0	0	0	28
189	Lightning	전격속성9	0	2	30	100	0	0	8000	4	0	0	0	0	0	0	0	0	0	72	0	0	0	0	0	0	0	0	0	0	0	0	0	0	0	0	0	0	0	0	0	16	0	0	0	0	0	0	32
190	Unique	??	0	4	30	100	0	0	9000	4	0	0	0	0	0	0	0	0	0	72	0	0	0	0	0	0	0	0	0	0	0	0	0	0	0	0	0	0	0	0	0	16	0	0	0	0	0	0	32
191	Viper	독속성1	0	2	0	100	0	0	0	2	0	0	0	0	0	0	0	0	0	0	8	0	0	0	0	0	0	0	0	0	0	0	0	0	0	0	0	0	0	0	0	0	0	0	0	0	0	0	0
192	Viper	독속성2	0	2	2	100	0	0	1000	3	0	0	0	0	0	0	0	0	0	0	16	0	0	0	0	0	0	0	0	0	0	0	0	0	0	0	0	0	0	0	0	2	0	0	0	0	0	0	4
193	Viper	독속성3	0	2	6	100	0	0	2000	4	0	0	0	0	0	0	0	0	0	0	24	0	0	0	0	0	0	0	0	0	0	0	0	0	0	0	0	0	0	0	0	4	0	0	0	0	0	0	8
194	Viper	독속성4	0	2	10	100	0	0	3000	4	0	0	0	0	0	0	0	0	0	0	32	0	0	0	0	0	0	0	0	0	0	0	0	0	0	0	0	0	0	0	0	6	0	0	0	0	0	0	12
195	Viper	독속성5	0	2	14	100	0	0	4000	4	0	0	0	0	0	0	0	0	0	0	40	0	0	0	0	0	0	0	0	0	0	0	0	0	0	0	0	0	0	0	0	8	0	0	0	0	0	0	16
196	Viper	독속성6	0	2	18	100	0	0	5000	4	0	0	0	0	0	0	0	0	0	0	48	0	0	0	0	0	0	0	0	0	0	0	0	0	0	0	0	0	0	0	0	10	0	0	0	0	0	0	20
197	Viper	독속성7	0	2	22	100	0	0	6000	4	0	0	0	0	0	0	0	0	0	0	56	0	0	0	0	0	0	0	0	0	0	0	0	0	0	0	0	0	0	0	0	12	0	0	0	0	0	0	24
198	Viper	독속성8	0	2	26	100	0	0	7000	4	0	0	0	0	0	0	0	0	0	0	64	0	0	0	0	0	0	0	0	0	0	0	0	0	0	0	0	0	0	0	0	14	0	0	0	0	0	0	28
199	Viper	독속성9	0	2	30	100	0	0	8000	4	0	0	0	0	0	0	0	0	0	0	72	0	0	0	0	0	0	0	0	0	0	0	0	0	0	0	0	0	0	0	0	16	0	0	0	0	0	0	32
200	Unique	??	0	4	30	100	0	0	9000	4	0	0	0	0	0	0	0	0	0	0	72	0	0	0	0	0	0	0	0	0	0	0	0	0	0	0	0	0	0	0	0	16	0	0	0	0	0	0	32
201	Vampire	HP흡수1	0	2	0	100	0	0	0	2	0	0	0	0	0	0	0	0	0	0	0	10	0	0	0	0	0	0	0	0	0	0	0	0	0	0	0	0	0	0	0	0	0	0	0	0	0	0	0
202	Vampire	HP흡수2	0	2	2	100	0	0	1000	3	0	0	0	0	0	0	0	0	0	0	0	10	0	0	0	0	0	0	0	0	0	0	0	0	0	0	0	0	0	0	0	2	0	0	0	0	0	0	4
203	Vampire	HP흡수3	0	2	6	100	0	0	2000	4	0	0	0	0	0	0	0	0	0	0	0	10	0	0	0	0	0	0	0	0	0	0	0	0	0	0	0	0	0	0	0	4	0	0	0	0	0	0	8
204	Vampire	HP흡수4	0	2	10	100	0	0	3000	4	0	0	0	0	0	0	0	0	0	0	0	10	0	0	0	0	0	0	0	0	0	0	0	0	0	0	0	0	0	0	0	6	0	0	0	0	0	0	12
205	Vampire	HP흡수5	0	2	14	100	0	0	4000	4	0	0	0	0	0	0	0	0	0	0	0	10	0	0	0	0	0	0	0	0	0	0	0	0	0	0	0	0	0	0	0	8	0	0	0	0	0	0	16
206	Vampire	HP흡수6	0	2	18	100	0	0	5000	4	0	0	0	0	0	0	0	0	0	0	0	10	0	0	0	0	0	0	0	0	0	0	0	0	0	0	0	0	0	0	0	10	0	0	0	0	0	0	20
207	Vampire	HP흡수7	0	2	22	100	0	0	6000	4	0	0	0	0	0	0	0	0	0	0	0	10	0	0	0	0	0	0	0	0	0	0	0	0	0	0	0	0	0	0	0	12	0	0	0	0	0	0	24
208	Vampire	HP흡수8	0	2	26	100	0	0	7000	4	0	0	0	0	0	0	0	0	0	0	0	10	0	0	0	0	0	0	0	0	0	0	0	0	0	0	0	0	0	0	0	14	0	0	0	0	0	0	28
209	Vampire	HP흡수9	0	2	30	100	0	0	8000	4	0	0	0	0	0	0	0	0	0	0	0	10	0	0	0	0	0	0	0	0	0	0	0	0	0	0	0	0	0	0	0	16	0	0	0	0	0	0	32
210	Unique	??	0	4	30	100	0	0	9000	4	0	0	0	0	0	0	0	0	0	0	0	10	0	0	0	0	0	0	0	0	0	0	0	0	0	0	0	0	0	0	0	16	0	0	0	0	0	0	32
211	Panic	마나타격1	0	2	0	100	0	0	0	2	0	0	0	0	0	0	0	0	0	0	0	0	8	0	0	0	0	0	0	0	0	0	0	0	0	0	0	0	0	0	0	0	0	0	0	0	0	0	0
212	Panic	마나타격2	0	2	2	100	0	0	1000	3	0	0	0	0	0	0	0	0	0	0	0	0	16	0	0	0	0	0	0	0	0	0	0	0	0	0	0	0	0	0	0	2	0	0	0	0	0	0	4
213	Panic	마나타격3	0	2	6	100	0	0	2000	4	0	0	0	0	0	0	0	0	0	0	0	0	24	0	0	0	0	0	0	0	0	0	0	0	0	0	0	0	0	0	0	4	0	0	0	0	0	0	8
214	Panic	마나타격4	0	2	10	100	0	0	3000	4	0	0	0	0	0	0	0	0	0	0	0	0	32	0	0	0	0	0	0	0	0	0	0	0	0	0	0	0	0	0	0	6	0	0	0	0	0	0	12
215	Panic	마나타격5	0	2	14	100	0	0	4000	4	0	0	0	0	0	0	0	0	0	0	0	0	40	0	0	0	0	0	0	0	0	0	0	0	0	0	0	0	0	0	0	8	0	0	0	0	0	0	16
216	Panic	마나타격6	0	2	18	100	0	0	5000	4	0	0	0	0	0	0	0	0	0	0	0	0	48	0	0	0	0	0	0	0	0	0	0	0	0	0	0	0	0	0	0	10	0	0	0	0	0	0	20
217	Panic	마나타격7	0	2	22	100	0	0	6000	4	0	0	0	0	0	0	0	0	0	0	0	0	56	0	0	0	0	0	0	0	0	0	0	0	0	0	0	0	0	0	0	12	0	0	0	0	0	0	24
218	Panic	마나타격8	0	2	26	100	0	0	7000	4	0	0	0	0	0	0	0	0	0	0	0	0	64	0	0	0	0	0	0	0	0	0	0	0	0	0	0	0	0	0	0	14	0	0	0	0	0	0	28
219	Panic	마나타격9	0	2	30	100	0	0	8000	4	0	0	0	0	0	0	0	0	0	0	0	0	72	0	0	0	0	0	0	0	0	0	0	0	0	0	0	0	0	0	0	16	0	0	0	0	0	0	32
220	Unique	??	0	4	30	100	0	0	9000	4	0	0	0	0	0	0	0	0	0	0	0	0	72	0	0	0	0	0	0	0	0	0	0	0	0	0	0	0	0	0	0	16	0	0	0	0	0	0	32
221		몹드롭기타1	0	0	0	100	0	0	0	2	0	0	0	0	0	0	0	0	0	0	0	0	0	0	0	0	0	0	0	0	0	0	0	0	0	0	0	0	0	0	0	0	0	0	0	0	0	0	0
222		몹드롭기타2	0	0	2	100	0	0	1000	3	0	0	0	0	0	0	0	0	0	0	0	0	0	0	0	0	0	0	0	0	0	0	0	0	0	0	0	0	0	0	0	2	0	0	0	0	0	0	4
223		몹드롭기타3	0	0	6	100	0	0	2000	4	0	0	0	0	0	0	0	0	0	0	0	0	0	0	0	0	0	0	0	0	0	0	0	0	0	0	0	0	0	0	0	4	0	0	0	0	0	0	8
224		몹드롭기타4	0	0	10	100	0	0	3000	4	0	0	0	0	0	0	0	0	0	0	0	0	0	0	0	0	0	0	0	0	0	0	0	0	0	0	0	0	0	0	0	6	0	0	0	0	0	0	12
225		몹드롭기타5	0	0	14	100	0	0	4000	4	0	0	0	0	0	0	0	0	0	0	0	0	0	0	0	0	0	0	0	0	0	0	0	0	0	0	0	0	0	0	0	8	0	0	0	0	0	0	16
226		몹드롭기타6	0	0	18	100	0	0	5000	4	0	0	0	0	0	0	0	0	0	0	0	0	0	0	0	0	0	0	0	0	0	0	0	0	0	0	0	0	0	0	0	10	0	0	0	0	0	0	20
227		몹드롭기타7	0	0	22	100	0	0	6000	4	0	0	0	0	0	0	0	0	0	0	0	0	0	0	0	0	0	0	0	0	0	0	0	0	0	0	0	0	0	0	0	12	0	0	0	0	0	0	24
228		몹드롭기타8	0	0	26	100	0	0	7000	4	0	0	0	0	0	0	0	0	0	0	0	0	0	0	0	0	0	0	0	0	0	0	0	0	0	0	0	0	0	0	0	14	0	0	0	0	0	0	28
229		몹드롭기타9	0	0	30	100	0	0	8000	4	0	0	0	0	0	0	0	0	0	0	0	0	0	0	0	0	0	0	0	0	0	0	0	0	0	0	0	0	0	0	0	16	0	0	0	0	0	0	32
230	Unique	??	0	4	30	100	0	0	9000	4	0	0	0	0	0	0	0	0	0	0	0	0	0	0	0	0	0	0	0	0	0	0	0	0	0	0	0	0	0	0	0	16	0	0	0	0	0	0	32
231		몹드롭기타1	0	0	0	100	0	0	0	2	0	0	0	0	0	0	0	0	0	0	0	0	0	0	0	0	0	0	0	0	0	0	0	0	0	0	0	0	0	0	0	0	0	0	0	0	0	0	0
232		몹드롭기타2	0	0	2	100	0	0	1000	3	0	0	0	0	0	0	0	0	0	0	0	0	0	0	0	0	0	0	0	0	0	0	0	0	0	0	0	0	0	0	0	2	0	0	0	0	0	0	4
233		몹드롭기타3	0	0	6	100	0	0	2000	4	0	0	0	0	0	0	0	0	0	0	0	0	0	0	0	0	0	0	0	0	0	0	0	0	0	0	0	0	0	0	0	4	0	0	0	0	0	0	8
234		몹드롭기타4	0	0	10	100	0	0	3000	4	0	0	0	0	0	0	0	0	0	0	0	0	0	0	0	0	0	0	0	0	0	0	0	0	0	0	0	0	0	0	0	6	0	0	0	0	0	0	12
235		몹드롭기타5	0	0	14	100	0	0	4000	4	0	0	0	0	0	0	0	0	0	0	0	0	0	0	0	0	0	0	0	0	0	0	0	0	0	0	0	0	0	0	0	8	0	0	0	0	0	0	16
236		몹드롭기타6	0	0	18	100	0	0	5000	4	0	0	0	0	0	0	0	0	0	0	0	0	0	0	0	0	0	0	0	0	0	0	0	0	0	0	0	0	0	0	0	10	0	0	0	0	0	0	20
237		몹드롭기타7	0	0	22	100	0	0	6000	4	0	0	0	0	0	0	0	0	0	0	0	0	0	0	0	0	0	0	0	0	0	0	0	0	0	0	0	0	0	0	0	12	0	0	0	0	0	0	24
238		몹드롭기타8	0	0	26	100	0	0	7000	4	0	0	0	0	0	0	0	0	0	0	0	0	0	0	0	0	0	0	0	0	0	0	0	0	0	0	0	0	0	0	0	14	0	0	0	0	0	0	28
239		몹드롭기타9	0	0	30	100	0	0	8000	4	0	0	0	0	0	0	0	0	0	0	0	0	0	0	0	0	0	0	0	0	0	0	0	0	0	0	0	0	0	0	0	16	0	0	0	0	0	0	32
240	Unique	??	0	4	30	100	0	0	9000	4	0	0	0	0	0	0	0	0	0	0	0	0	0	0	0	0	0	0	0	0	0	0	0	0	0	0	0	0	0	0	0	16	0	0	0	0	0	0	32
241		몹드롭기타1	0	0	0	100	0	0	0	2	0	0	0	0	0	0	0	0	0	0	0	0	0	0	0	0	0	0	0	0	0	0	0	0	0	0	0	0	0	0	0	0	0	0	0	0	0	0	0
242		몹드롭기타2	0	0	2	100	0	0	1000	3	0	0	0	0	0	0	0	0	0	0	0	0	0	0	0	0	0	0	0	0	0	0	0	0	0	0	0	0	0	0	0	2	0	0	0	0	0	0	4
243		몹드롭기타3	0	0	6	100	0	0	2000	4	0	0	0	0	0	0	0	0	0	0	0	0	0	0	0	0	0	0	0	0	0	0	0	0	0	0	0	0	0	0	0	4	0	0	0	0	0	0	8
244		몹드롭기타4	0	0	10	100	0	0	3000	4	0	0	0	0	0	0	0	0	0	0	0	0	0	0	0	0	0	0	0	0	0	0	0	0	0	0	0	0	0	0	0	6	0	0	0	0	0	0	12
245		몹드롭기타5	0	0	14	100	0	0	4000	4	0	0	0	0	0	0	0	0	0	0	0	0	0	0	0	0	0	0	0	0	0	0	0	0	0	0	0	0	0	0	0	8	0	0	0	0	0	0	16
246		몹드롭기타6	0	0	18	100	0	0	5000	4	0	0	0	0	0	0	0	0	0	0	0	0	0	0	0	0	0	0	0	0	0	0	0	0	0	0	0	0	0	0	0	10	0	0	0	0	0	0	20
247		몹드롭기타7	0	0	22	100	0	0	6000	4	0	0	0	0	0	0	0	0	0	0	0	0	0	0	0	0	0	0	0	0	0	0	0	0	0	0	0	0	0	0	0	12	0	0	0	0	0	0	24
248		몹드롭기타8	0	0	26	100	0	0	7000	4	0	0	0	0	0	0	0	0	0	0	0	0	0	0	0	0	0	0	0	0	0	0	0	0	0	0	0	0	0	0	0	14	0	0	0	0	0	0	28
249		몹드롭기타9	0	0	30	100	0	0	8000	4	0	0	0	0	0	0	0	0	0	0	0	0	0	0	0	0	0	0	0	0	0	0	0	0	0	0	0	0	0	0	0	16	0	0	0	0	0	0	32
250	Unique	??	0	4	30	100	0	0	9000	4	0	0	0	0	0	0	0	0	0	0	0	0	0	0	0	0	0	0	0	0	0	0	0	0	0	0	0	0	0	0	0	16	0	0	0	0	0	0	32
251	Lobo Staff	몹드롭기타7	0	4	22	100	0	0	6000	4	0	0	0	0	0	0	0	0	0	0	0	0	0	30	0	0	0	0	0	0	0	30	80	30	0	0	0	30	0	0	0	12	0	0	0	0	0	0	24
252	Lupus staff	몹드롭기타8	0	4	26	100	0	0	7000	4	0	0	0	0	0	0	0	0	0	0	0	0	0	30	0	0	0	0	0	0	8	50	50	35	0	0	0	20	0	0	0	14	0	0	0	0	0	0	28
253	Lycaon staff	몹드롭기타9	0	4	30	100	0	0	8000	4	0	0	0	0	0	0	0	0	0	0	0	0	0	30	0	0	0	0	0	0	12	70	30	40	0	0	0	10	0	0	0	16	0	0	0	0	0	0	32
271	Lobo Staff(+1)	업글 로보	0	4	22	100	0	0	6000	4	0	0	0	0	0	0	0	0	8	0	0	0	0	0	0	0	0	0	0	0	0	30	80	30	0	0	0	30	0	0	0	12	0	0	0	0	0	0	24
272	Lobo staff(+2)	업글 로보	0	4	26	100	0	0	6000	4	0	0	0	0	0	0	0	0	16	0	0	0	0	0	0	0	0	0	0	0	0	50	100	30	0	0	0	35	0	0	0	13	0	0	0	0	0	0	26
273	Lobo staff(+3)	업글 로보	0	4	30	100	0	0	6000	4	0	0	0	0	0	0	0	0	24	0	0	0	0	0	0	0	0	0	0	0	0	70	120	30	0	0	0	40	0	0	0	14	0	0	0	0	0	0	28
274	Lobo staff(+4)	업글 로보	0	4	34	100	0	0	6000	4	0	0	0	0	0	0	0	0	32	0	0	0	0	0	0	0	0	0	0	0	0	90	140	30	0	0	0	45	0	0	0	15	0	0	0	0	0	0	30
275	Lobo staff(+5)	업글 로보	0	4	38	100	0	0	6000	4	0	0	0	0	0	0	0	0	40	0	0	0	0	0	0	0	0	0	0	0	0	110	160	35	0	0	0	50	0	0	0	16	0	0	0	0	0	0	32
276	Lobo staff(+6)	업글 로보	0	4	42	100	0	0	6000	4	0	0	0	0	0	0	0	0	48	0	0	0	0	0	0	0	0	0	0	0	0	130	180	40	0	0	0	55	0	0	0	17	0	0	0	0	0	0	34
277	Lobo staff(+7)	업글 로보	0	4	48	100	0	0	6000	4	0	0	0	0	0	0	0	0	56	0	0	0	0	0	0	0	0	0	0	0	0	150	200	45	0	0	0	60	0	0	0	18	0	0	0	0	0	0	36
278	Lobo staff(+8)	업글 로보	0	4	57	100	0	0	6000	4	0	0	0	0	0	0	0	0	66	0	0	0	0	0	0	0	0	0	0	0	0	170	220	50	0	0	0	65	0	0	0	19	0	0	0	0	0	0	38
279	Lobo staff(+9)	업글 로보	0	4	70	100	0	0	6000	4	0	0	0	0	0	0	0	0	76	0	0	0	0	0	0	0	0	0	0	0	0	190	240	55	0	0	0	70	0	0	0	20	0	0	0	0	0	0	40
280	Lobo staff(+10)	업글 로보	0	4	90	100	0	0	6000	4	0	0	0	0	0	0	0	0	86	0	0	0	0	0	0	0	0	0	0	0	0	210	260	60	0	0	0	75	0	0	0	21	0	0	0	0	0	0	42
281	Lupus staff(+1)	업글 러퍼스	0	4	26	100	0	0	7000	4	0	0	0	0	0	0	0	0	0	8	0	0	0	0	0	0	0	0	0	0	8	50	50	35	0	0	0	20	0	0	0	14	0	0	0	0	0	0	28
282	Lupus staff(+2)	업글 러퍼스	0	4	30	100	0	0	7000	4	0	0	0	0	0	0	0	0	0	16	0	0	0	0	0	0	0	0	0	0	9	70	70	35	0	0	0	25	0	0	0	15	0	0	0	0	0	0	30
283	Lupus staff(+3)	업글 러퍼스	0	4	34	100	0	0	7000	4	0	0	0	0	0	0	0	0	0	24	0	0	0	0	0	0	0	0	0	0	10	90	90	35	0	0	0	30	0	0	0	16	0	0	0	0	0	0	32
284	Lupus staff(+4)	업글 러퍼스	0	4	38	100	0	0	7000	4	0	0	0	0	0	0	0	0	0	32	0	0	0	0	0	0	0	0	0	0	11	110	110	35	0	0	0	35	0	0	0	17	0	0	0	0	0	0	34
285	Lupus staff(+5)	업글 러퍼스	0	4	42	100	0	0	7000	4	0	0	0	0	0	0	0	0	0	40	0	0	0	0	0	0	0	0	0	0	12	130	130	40	0	0	0	40	0	0	0	18	0	0	0	0	0	0	36
286	Lupus staff(+6)	업글 러퍼스	0	4	46	100	0	0	7000	4	0	0	0	0	0	0	0	0	0	48	0	0	0	0	0	0	0	0	0	0	13	150	150	45	0	0	0	45	0	0	0	19	0	0	0	0	0	0	38
287	Lupus staff(+7)	업글 러퍼스	0	4	52	100	0	0	7000	4	0	0	0	0	0	0	0	0	0	56	0	0	0	0	0	0	0	0	0	0	14	170	170	50	0	0	0	50	0	0	0	20	0	0	0	0	0	0	40
288	Lupus staff(+8)	업글 러퍼스	0	4	61	100	0	0	7000	4	0	0	0	0	0	0	0	0	0	66	0	0	0	0	0	0	0	0	0	0	15	190	190	55	0	0	0	55	0	0	0	21	0	0	0	0	0	0	42
289	Lupus staff(+9)	업글 러퍼스	0	4	74	100	0	0	7000	4	0	0	0	0	0	0	0	0	0	76	0	0	0	0	0	0	0	0	0	0	16	210	210	60	0	0	0	60	0	0	0	22	0	0	0	0	0	0	44
290	Lupus staff(+10)	업글 러퍼스	0	4	94	100	0	0	7000	4	0	0	0	0	0	0	0	0	0	86	0	0	0	0	0	0	0	0	0	0	17	230	230	65	0	0	0	65	0	0	0	23	0	0	0	0	0	0	46
291	Lycaon staff(+1)	업글 리카온	0	4	30	100	0	0	8000	4	0	0	0	0	0	0	0	8	0	0	0	0	0	0	0	0	0	0	0	0	12	70	30	40	0	0	0	10	0	0	0	16	0	0	0	0	0	0	32
292	Lycaon staff(+2)	업글 리카온	0	4	34	100	0	0	8000	4	0	0	0	0	0	0	0	16	0	0	0	0	0	0	0	0	0	0	0	0	13	90	50	40	0	0	0	15	0	0	0	17	0	0	0	0	0	0	34
293	Lycaon staff(+3)	업글 리카온	0	4	38	100	0	0	8000	4	0	0	0	0	0	0	0	24	0	0	0	0	0	0	0	0	0	0	0	0	14	110	70	40	0	0	0	20	0	0	0	18	0	0	0	0	0	0	36
294	Lycaon staff(+4)	업글 리카온	0	4	42	100	0	0	8000	4	0	0	0	0	0	0	0	32	0	0	0	0	0	0	0	0	0	0	0	0	15	130	90	40	0	0	0	25	0	0	0	19	0	0	0	0	0	0	38
295	Lycaon staff(+5)	업글 리카온	0	4	46	100	0	0	8000	4	0	0	0	0	0	0	0	40	0	0	0	0	0	0	0	0	0	0	0	0	16	150	110	45	0	0	0	30	0	0	0	20	0	0	0	0	0	0	40
296	Lycaon staff(+6)	업글 리카온	0	4	50	100	0	0	8000	4	0	0	0	0	0	0	0	48	0	0	0	0	0	0	0	0	0	0	0	0	17	170	130	50	0	0	0	35	0	0	0	21	0	0	0	0	0	0	42
297	Lycaon staff(+7)	업글 리카온	0	4	56	100	0	0	8000	4	0	0	0	0	0	0	0	56	0	0	0	0	0	0	0	0	0	0	0	0	18	190	150	55	0	0	0	40	0	0	0	22	0	0	0	0	0	0	44
298	Lycaon staff(+8)	업글 리카온	0	4	65	100	0	0	8000	4	0	0	0	0	0	0	0	66	0	0	0	0	0	0	0	0	0	0	0	0	19	210	170	60	0	0	0	45	0	0	0	23	0	0	0	0	0	0	46
299	Lycaon staff(+9)	업글 리카온	0	4	78	100	0	0	8000	4	0	0	0	0	0	0	0	76	0	0	0	0	0	0	0	0	0	0	0	0	20	230	190	65	0	0	0	50	0	0	0	24	0	0	0	0	0	0	48
300	Lycaon staff(+10)	업글 리카온	0	4	98	100	0	0	8000	4	0	0	0	0	0	0	0	86	0	0	0	0	0	0	0	0	0	0	0	0	21	250	210	70	0	0	0	55	0	0	0	25	0	0	0	0	0	0	50
311	King's Sceptor	왕 지팡이	0	4	35	100	0	0	7000	1	51	0	0	0	0	0	0	56	56	56	0	0	0	0	0	1	0	8	0	8	0	400	400	24	24	24	0	0	0	0	0	0	0	0	0	0	0	14	14
501	Burning	화염 속성 1	0	5	0	100	0	0	0	2	0	0	0	0	0	0	0	8	0	0	0	0	0	0	0	0	0	0	0	0	0	0	0	0	0	0	0	0	0	0	0	0	0	0	0	0	0	0	0
502	Burning	화염 속성 2	0	5	4	100	0	0	1000	3	0	0	0	0	0	0	0	16	0	0	0	0	0	0	0	0	0	0	0	0	0	0	0	0	0	0	0	0	0	0	0	2	0	0	0	0	0	0	4
503	Burning	화염 속성 3	0	5	8	100	0	0	2000	4	0	0	0	0	0	0	0	24	0	0	0	0	0	0	0	0	0	0	0	0	0	0	0	0	0	0	0	0	0	0	0	4	0	0	0	0	0	0	8
504	Burning	화염 속성 4	0	5	12	100	0	0	3000	4	0	0	0	0	0	0	0	32	0	0	0	0	0	0	0	0	0	0	0	0	0	0	0	0	0	0	0	0	0	0	0	6	0	0	0	0	0	0	12
505	Burning	화염 속성 5	0	5	16	100	0	0	4000	4	0	0	0	0	0	0	0	40	0	0	0	0	0	0	0	0	0	0	0	0	0	0	0	0	0	0	0	0	0	0	0	8	0	0	0	0	0	0	16
506	Burning	화염 속성 6	0	5	20	100	0	0	5000	4	0	0	0	0	0	0	0	48	0	0	0	0	0	0	0	0	0	0	0	0	0	0	0	0	0	0	0	0	0	0	0	10	0	0	0	0	0	0	20
507	Burning	화염 속성 7	0	5	26	100	0	0	6000	4	0	0	0	0	0	0	0	56	0	0	0	0	0	0	0	1	0	0	0	0	0	0	0	0	0	0	0	0	0	0	0	12	0	0	0	0	0	0	24
508	Burning	화염 속성 8	0	5	35	100	0	0	7000	4	0	0	0	0	0	0	0	64	0	0	0	0	0	0	0	1	0	0	0	0	0	0	0	0	0	0	0	0	0	0	0	14	0	0	0	0	0	0	28
509	Burning	화염 속성 9	0	5	48	100	0	0	8000	4	0	0	0	0	0	0	0	72	0	0	0	0	0	0	0	1	0	0	0	0	0	0	0	0	0	0	0	0	0	0	0	16	0	0	0	0	0	0	32
510	Burning	화염 속성 10	0	5	68	100	0	0	9000	4	0	0	0	0	0	0	0	80	0	0	0	0	0	0	0	1	0	0	0	0	0	0	0	0	0	0	0	0	0	0	0	18	0	0	0	0	0	0	36
511	Frozen	냉기 속성 1	0	5	0	100	0	0	0	2	0	0	0	0	0	0	0	0	8	0	0	0	0	0	0	0	0	0	0	0	0	0	0	0	0	0	0	0	0	0	0	0	0	0	0	0	0	0	0
512	Frozen	냉기 속성 2	0	5	4	100	0	0	1000	3	0	0	0	0	0	0	0	0	16	0	0	0	0	0	0	0	0	0	0	0	0	0	0	0	0	0	0	0	0	0	0	2	0	0	0	0	0	0	4
513	Frozen	냉기 속성 3	0	5	8	100	0	0	2000	4	0	0	0	0	0	0	0	0	24	0	0	0	0	0	0	0	0	0	0	0	0	0	0	0	0	0	0	0	0	0	0	4	0	0	0	0	0	0	8
514	Frozen	냉기 속성 4	0	5	12	100	0	0	3000	4	0	0	0	0	0	0	0	0	32	0	0	0	0	0	0	0	0	0	0	0	0	0	0	0	0	0	0	0	0	0	0	6	0	0	0	0	0	0	12
515	Frozen	냉기 속성 5	0	5	16	100	0	0	4000	4	0	0	0	0	0	0	0	0	40	0	0	0	0	0	0	0	0	0	0	0	0	0	0	0	0	0	0	0	0	0	0	8	0	0	0	0	0	0	16
516	Frozen	냉기 속성 6	0	5	20	100	0	0	5000	4	0	0	0	0	0	0	0	0	48	0	0	0	0	0	0	0	0	0	0	0	0	0	0	0	0	0	0	0	0	0	0	10	0	0	0	0	0	0	20
517	Frozen	냉기 속성 7	0	5	26	100	0	0	6000	4	0	0	0	0	0	0	0	0	56	0	0	0	0	0	0	1	0	0	0	0	0	0	0	0	0	0	0	0	0	0	0	12	0	0	0	0	0	0	24
518	Frozen	냉기 속성 8	0	5	35	100	0	0	7000	4	0	0	0	0	0	0	0	0	64	0	0	0	0	0	0	1	0	0	0	0	0	0	0	0	0	0	0	0	0	0	0	14	0	0	0	0	0	0	28
519	Frozen	냉기 속성 9	0	5	48	100	0	0	8000	4	0	0	0	0	0	0	0	0	72	0	0	0	0	0	0	1	0	0	0	0	0	0	0	0	0	0	0	0	0	0	0	16	0	0	0	0	0	0	32
520	Frozen	냉기 속성 10	0	5	68	100	0	0	9000	4	0	0	0	0	0	0	0	0	80	0	0	0	0	0	0	1	0	0	0	0	0	0	0	0	0	0	0	0	0	0	0	18	0	0	0	0	0	0	36
992	Beginner's Weapon	초보무기	0	2	6	100	0	0	0	1	0	0	0	0	0	0	0	16	0	0	0	0	0	0	0	0	0	0	0	0	0	0	0	0	0	0	0	0	0	0	0	0	0	0	0	0	0	0	-16
