0		아크투아렉 기본	0	0	0	0	0	0	0	1	0	0	0	0	0	0	0	0	0	0	0	0	0	0	0	0	0	0	0	0	0	0	0	0	0	0	0	0	0	0	0	0	0	0	0	0	0	0	0
1	Upgrade	업그레이드 기본1	0	5	0	0	0	0	0	2	0	0	0	0	0	0	0	0	0	0	0	0	0	0	0	0	0	0	0	0	0	0	0	0	0	0	0	0	0	0	0	0	0	0	0	0	0	0	0
2	Upgrade	업그레이드 기본2	0	5	0	0	0	0	1000	3	3	0	0	0	0	0	0	0	0	0	0	0	0	0	0	0	0	0	0	0	0	0	0	0	0	0	0	0	0	0	0	2	0	0	2	0	2	2	2
3	Upgrade	업그레이드 기본3	0	5	0	0	0	0	2000	4	6	0	0	0	0	0	0	0	0	0	0	0	0	0	0	0	0	0	0	0	0	0	0	0	0	0	0	0	0	0	0	4	0	0	4	0	4	4	4
4	Upgrade	업그레이드 기본4	0	5	0	0	0	0	3000	4	9	0	0	0	0	0	0	0	0	0	0	0	0	0	0	0	0	0	0	0	0	0	0	0	0	0	0	0	0	0	0	6	0	0	6	0	6	6	6
5	Upgrade	업그레이드 기본5	0	5	0	0	0	0	4000	4	12	0	0	0	0	0	0	0	0	0	0	0	0	0	0	0	0	0	0	0	0	0	0	0	0	0	0	0	0	0	0	8	0	0	8	0	8	8	8
6	Upgrade	업그레이드 기본6	0	5	0	0	0	0	5000	4	15	0	0	0	0	0	0	0	0	0	0	0	0	0	0	0	0	0	0	0	0	0	0	0	0	0	0	0	0	0	0	10	0	0	10	0	10	10	10
7	Upgrade	업그레이드 기본7	0	5	0	0	0	0	6000	4	20	0	0	0	0	0	0	0	0	0	0	0	0	0	0	1	0	0	0	0	0	0	0	0	0	0	0	0	0	0	0	12	0	0	12	0	12	12	12
8	Upgrade	업그레이드 기본8	0	5	0	0	0	0	7000	4	27	0	0	0	0	0	0	0	0	0	0	0	0	0	0	1	0	0	0	0	0	0	0	0	0	0	0	0	0	0	0	14	0	0	14	0	14	14	14
9	Upgrade	업그레이드 기본9	0	5	0	0	0	0	8000	4	37	0	0	0	0	0	0	0	0	0	0	0	0	0	0	1	0	0	0	0	0	0	0	0	0	0	0	0	0	0	0	16	0	0	16	0	16	16	16
10	Upgrade	업그레이드 기본10	0	5	0	0	0	0	9000	4	52	0	0	0	0	0	0	0	0	0	0	0	0	0	0	1	0	0	0	0	0	0	0	0	0	0	0	0	0	0	0	18	0	0	18	0	18	18	18
11	Agility	힘 1	0	5	0	0	0	0	0	2	0	0	0	0	0	0	0	0	0	0	0	0	0	0	0	0	2	0	0	0	0	0	0	0	0	0	0	0	0	0	0	0	0	0	0	0	0	0	0
12	Agility	힘 2	0	5	0	0	0	0	1000	3	3	0	0	0	0	0	0	0	0	0	0	0	0	0	0	0	2	0	0	0	0	0	0	0	0	0	0	0	0	0	0	2	0	0	2	0	2	2	2
13	Agility	힘 3	0	5	0	0	0	0	2000	4	6	0	0	0	0	0	0	0	0	0	0	0	0	0	0	0	4	0	0	0	0	0	0	0	0	0	0	0	0	0	0	4	0	0	4	0	4	4	4
14	Agility	힘 4	0	5	0	0	0	0	3000	4	9	0	0	0	0	0	0	0	0	0	0	0	0	0	0	0	6	0	0	0	0	0	0	0	0	0	0	0	0	0	0	6	0	0	6	0	6	6	6
15	Agility	힘 5	0	5	0	0	0	0	4000	4	12	0	0	0	0	0	0	0	0	0	0	0	0	0	0	0	8	0	0	0	0	0	0	0	0	0	0	0	0	0	0	8	0	0	8	0	8	8	8
16	Agility	힘 6	0	5	0	0	0	0	5000	4	15	0	0	0	0	0	0	0	0	0	0	0	0	0	0	0	10	0	0	0	0	0	0	0	0	0	0	0	0	0	0	10	0	0	10	0	10	10	10
17	Agility	힘 7	0	5	0	0	0	0	6000	4	20	0	0	0	0	0	0	0	0	0	0	0	0	0	0	1	12	0	0	0	0	0	0	0	0	0	0	0	0	0	0	12	0	0	12	0	12	12	12
18	Agility	힘 8	0	5	0	0	0	0	7000	4	27	0	0	0	0	0	0	0	0	0	0	0	0	0	0	1	15	0	0	0	0	0	0	0	0	0	0	0	0	0	0	14	0	0	14	0	14	14	14
19	Agility	힘 9	0	5	0	0	0	0	8000	4	37	0	0	0	0	0	0	0	0	0	0	0	0	0	0	1	19	0	0	0	0	0	0	0	0	0	0	0	0	0	0	16	0	0	16	0	16	16	16
20	Agility	힘 10	0	5	0	0	0	0	9000	4	52	0	0	0	0	0	0	0	0	0	0	0	0	0	0	1	24	0	0	0	0	0	0	0	0	0	0	0	0	0	0	18	0	0	18	0	18	18	18
21	Saint	마법 저주 독 1	0	5	0	0	0	0	0	2	0	0	0	0	0	0	0	0	0	0	0	0	0	0	0	0	0	0	0	0	0	0	0	0	0	0	3	3	3	0	0	0	0	0	0	0	0	0	0
22	Saint	마법 저주 독 2	0	5	0	0	0	0	1000	3	3	0	0	0	0	0	0	0	0	0	0	0	0	0	0	0	0	0	0	0	0	0	0	0	0	0	3	3	3	0	0	2	0	0	2	0	2	2	2
23	Saint	마법 저주 독 3	0	5	0	0	0	0	2000	4	6	0	0	0	0	0	0	0	0	0	0	0	0	0	0	0	0	0	0	0	0	0	0	0	0	0	6	6	6	0	0	4	0	0	4	0	4	4	4
24	Saint	마법 저주 독 4	0	5	0	0	0	0	3000	4	9	0	0	0	0	0	0	0	0	0	0	0	0	0	0	0	0	0	0	0	0	0	0	0	0	0	9	9	9	0	0	6	0	0	6	0	6	6	6
25	Saint	마법 저주 독 5	0	5	0	0	0	0	4000	4	12	0	0	0	0	0	0	0	0	0	0	0	0	0	0	0	0	0	0	0	0	0	0	0	0	0	12	12	12	0	0	8	0	0	8	0	8	8	8
26	Saint	마법 저주 독 6	0	5	0	0	0	0	5000	4	15	0	0	0	0	0	0	0	0	0	0	0	0	0	0	0	0	0	0	0	0	0	0	0	0	0	15	15	15	0	0	10	0	0	10	0	10	10	10
27	Saint	마법 저주 독 7	0	5	0	0	0	0	6000	4	20	0	0	0	0	0	0	0	0	0	0	0	0	0	0	1	0	0	0	0	0	0	0	0	0	0	18	18	18	0	0	12	0	0	12	0	12	12	12
28	Saint	마법 저주 독 8	0	5	0	0	0	0	7000	4	27	0	0	0	0	0	0	0	0	0	0	0	0	0	0	1	0	0	0	0	0	0	0	0	0	0	21	21	21	0	0	14	0	0	14	0	14	14	14
29	Saint	마법 저주 독 9	0	5	0	0	0	0	8000	4	37	0	0	0	0	0	0	0	0	0	0	0	0	0	0	1	0	0	0	0	0	0	0	0	0	0	24	24	24	0	0	16	0	0	16	0	16	16	16
30	Saint	마법 저주 독 10	0	5	0	0	0	0	9000	4	52	0	0	0	0	0	0	0	0	0	0	0	0	0	0	1	0	0	0	0	0	0	0	0	0	0	27	27	27	0	0	18	0	0	18	0	18	18	18
31	Light	제한 감소 1	0	5	0	0	0	0	0	2	0	0	0	0	0	0	0	0	0	0	0	0	0	0	0	0	0	0	0	0	0	0	0	0	0	0	0	0	0	0	0	-16	0	0	-16	0	-16	-16	-16
32	Light	제한 감소 2	0	5	0	0	0	0	1000	3	3	0	0	0	0	0	0	0	0	0	0	0	0	0	0	0	0	0	0	0	0	0	0	0	0	0	0	0	0	0	0	-14	0	0	-14	0	-14	-14	-14
33	Light	제한 감소 3	0	5	0	0	0	0	2000	4	6	0	0	0	0	0	0	0	0	0	0	0	0	0	0	0	0	0	0	0	0	0	0	0	0	0	0	0	0	0	0	-12	0	0	-12	0	-12	-12	-12
34	Light	제한 감소 4	0	5	0	0	0	0	3000	4	9	0	0	0	0	0	0	0	0	0	0	0	0	0	0	0	0	0	0	0	0	0	0	0	0	0	0	0	0	0	0	-10	0	0	-10	0	-10	-10	-10
35	Light	제한 감소 5	0	5	0	0	0	0	4000	4	12	0	0	0	0	0	0	0	0	0	0	0	0	0	0	0	0	0	0	0	0	0	0	0	0	0	0	0	0	0	0	-8	0	0	-8	0	-8	-8	-8
36	Light	제한 감소 6	0	5	0	0	0	0	5000	4	15	0	0	0	0	0	0	0	0	0	0	0	0	0	0	0	0	0	0	0	0	0	0	0	0	0	0	0	0	0	0	-6	0	0	-6	0	-6	-6	-6
37	Light	제한 감소 7	0	5	0	0	0	0	6000	4	20	0	0	0	0	0	0	0	0	0	0	0	0	0	0	1	0	0	0	0	0	0	0	0	0	0	0	0	0	0	0	-4	0	0	-4	0	-4	-4	-4
38	Light	제한 감소 8	0	5	0	0	0	0	7000	4	27	0	0	0	0	0	0	0	0	0	0	0	0	0	0	1	0	0	0	0	0	0	0	0	0	0	0	0	0	0	0	-2	0	0	-2	0	-2	-2	-2
39	Light	제한 감소 9	0	5	0	0	0	0	8000	4	37	0	0	0	0	0	0	0	0	0	0	0	0	0	0	1	0	0	0	0	0	0	0	0	0	0	0	0	0	0	0	0	0	0	-2	0	-2	-2	-2
40	Light	제한 감소 10	0	5	0	0	0	0	9000	4	52	0	0	0	0	0	0	0	0	0	0	0	0	0	0	1	0	0	0	0	0	0	0	0	0	0	0	0	0	0	0	0	0	0	-2	0	-2	-2	-2
41	Tempered	도끼, 타격 방어 1	0	5	0	0	0	0	0	2	0	0	0	5	5	0	0	0	0	0	0	0	0	0	0	0	0	0	0	0	0	0	0	0	0	0	0	0	0	0	0	0	0	0	0	0	0	0	0
42	Tempered	도끼, 타격 방어 2	0	5	0	0	0	0	1000	3	3	0	0	5	5	0	0	0	0	0	0	0	0	0	0	0	0	0	0	0	0	0	0	0	0	0	0	0	0	0	0	2	0	0	2	0	2	2	2
43	Tempered	도끼, 타격 방어 3	0	5	0	0	0	0	2000	4	6	0	0	10	10	0	0	0	0	0	0	0	0	0	0	0	0	0	0	0	0	0	0	0	0	0	0	0	0	0	0	4	0	0	4	0	4	4	4
44	Tempered	도끼, 타격 방어 4	0	5	0	0	0	0	3000	4	9	0	0	15	15	0	0	0	0	0	0	0	0	0	0	0	0	0	0	0	0	0	0	0	0	0	0	0	0	0	0	6	0	0	6	0	6	6	6
45	Tempered	도끼, 타격 방어 5	0	5	0	0	0	0	4000	4	12	0	0	20	20	0	0	0	0	0	0	0	0	0	0	0	0	0	0	0	0	0	0	0	0	0	0	0	0	0	0	8	0	0	8	0	8	8	8
46	Tempered	도끼, 타격 방어 6	0	5	0	0	0	0	5000	4	15	0	0	25	25	0	0	0	0	0	0	0	0	0	0	0	0	0	0	0	0	0	0	0	0	0	0	0	0	0	0	10	0	0	10	0	10	10	10
47	Tempered	도끼, 타격 방어 7	0	5	0	0	0	0	6000	4	20	0	0	30	30	0	0	0	0	0	0	0	0	0	0	1	0	0	0	0	0	0	0	0	0	0	0	0	0	0	0	12	0	0	12	0	12	12	12
48	Tempered	도끼, 타격 방어 8	0	5	0	0	0	0	7000	4	27	0	0	35	35	0	0	0	0	0	0	0	0	0	0	1	0	0	0	0	0	0	0	0	0	0	0	0	0	0	0	14	0	0	14	0	14	14	14
49	Tempered	도끼, 타격 방어 9	0	5	0	0	0	0	8000	4	37	0	0	40	40	0	0	0	0	0	0	0	0	0	0	1	0	0	0	0	0	0	0	0	0	0	0	0	0	0	0	16	0	0	16	0	16	16	16
50	Tempered	도끼, 타격 방어 10	0	5	0	0	0	0	9000	4	52	0	0	45	45	0	0	0	0	0	0	0	0	0	0	1	0	0	0	0	0	0	0	0	0	0	0	0	0	0	0	18	0	0	18	0	18	18	18
51	Stamina	체력 1	0	1	0	0	0	0	0	2	0	0	0	0	0	0	0	0	0	0	0	0	0	0	0	0	0	1	0	0	0	0	0	0	0	0	0	0	0	0	0	0	0	0	0	0	0	0	0
52	Agility	민첩 2	0	1	0	0	0	0	1000	3	1	0	0	0	0	0	0	0	0	0	0	0	0	0	0	0	0	0	1	0	0	0	0	0	0	0	0	0	0	0	0	2	0	0	2	0	2	2	2
53	Stamina	체력 3	0	1	0	0	0	0	2000	4	4	0	0	0	0	0	0	0	0	0	0	0	0	0	0	0	0	3	0	0	0	0	0	0	0	0	0	0	0	0	0	4	0	0	4	0	4	4	4
54	Agility	민첩 4	0	1	0	0	0	0	3000	4	7	0	0	0	0	0	0	0	0	0	0	0	0	0	0	0	0	0	5	0	0	0	0	0	0	0	0	0	0	0	0	6	0	0	6	0	6	6	6
55	Stamina	체력 5	0	1	0	0	0	0	4000	4	10	0	0	0	0	0	0	0	0	0	0	0	0	0	0	0	0	7	0	0	0	0	0	0	0	0	0	0	0	0	0	8	0	0	8	0	8	8	8
56	Agility	민첩 6	0	1	0	0	0	0	5000	4	13	0	0	0	0	0	0	0	0	0	0	0	0	0	0	0	0	0	9	0	0	0	0	0	0	0	0	0	0	0	0	10	0	0	10	0	10	10	10
57	Stamina	체력 7	0	1	0	0	0	0	6000	4	16	0	0	0	0	0	0	0	0	0	0	0	0	0	0	0	0	11	0	0	0	0	0	0	0	0	0	0	0	0	0	12	0	0	12	0	12	12	12
58	Agility	민첩 8	0	1	0	0	0	0	7000	4	19	0	0	0	0	0	0	0	0	0	0	0	0	0	0	0	0	0	13	0	0	0	0	0	0	0	0	0	0	0	0	14	0	0	14	0	14	14	14
59	Stamina	체력 9	0	1	0	0	0	0	8000	4	22	0	0	0	0	0	0	0	0	0	0	0	0	0	0	0	0	15	0	0	0	0	0	0	0	0	0	0	0	0	0	16	0	0	16	0	16	16	16
60	Unique	유니크	0	4	0	0	0	0	8000	4	22	0	0	0	0	0	0	0	0	0	0	0	0	0	0	0	0	15	15	0	0	0	0	0	0	0	0	0	0	0	0	16	0	0	16	0	16	16	16
61	Discharge	전격 저항 1	0	1	0	0	0	0	0	2	0	0	0	0	0	0	0	0	0	0	0	0	0	0	0	0	0	0	0	0	0	0	0	0	0	4	0	0	0	0	0	0	0	0	0	0	0	0	0
62	Cobalt	냉기 저항 2	0	1	0	0	0	0	1000	3	1	0	0	0	0	0	0	0	0	0	0	0	0	0	0	0	0	0	0	0	0	0	0	0	4	0	0	0	0	0	0	2	0	0	2	0	2	2	2
63	Salamander	화염 저항 3	0	1	0	0	0	0	2000	4	4	0	0	0	0	0	0	0	0	0	0	0	0	0	0	0	0	0	0	0	0	0	0	8	0	0	0	0	0	0	0	4	0	0	4	0	4	4	4
64	Discharge	전격 저항 4	0	1	0	0	0	0	3000	4	7	0	0	0	0	0	0	0	0	0	0	0	0	0	0	0	0	0	0	0	0	0	0	0	0	12	0	0	0	0	0	6	0	0	6	0	6	6	6
65	Cobalt	냉기 저항 5	0	1	0	0	0	0	4000	4	10	0	0	0	0	0	0	0	0	0	0	0	0	0	0	0	0	0	0	0	0	0	0	0	16	0	0	0	0	0	0	8	0	0	8	0	8	8	8
66	Salamander	화염 저항 6	0	1	0	0	0	0	5000	4	13	0	0	0	0	0	0	0	0	0	0	0	0	0	0	0	0	0	0	0	0	0	0	20	0	0	0	0	0	0	0	10	0	0	10	0	10	10	10
67	Discharge	전격 저항 7	0	1	0	0	0	0	6000	4	16	0	0	0	0	0	0	0	0	0	0	0	0	0	0	0	0	0	0	0	0	0	0	0	0	24	0	0	0	0	0	12	0	0	12	0	12	12	12
68	Cobalt	냉기 저항 8	0	1	0	0	0	0	7000	4	19	0	0	0	0	0	0	0	0	0	0	0	0	0	0	0	0	0	0	0	0	0	0	0	28	0	0	0	0	0	0	14	0	0	14	0	14	14	14
69	Salamander	화염 저항 9	0	1	0	0	0	0	8000	4	22	0	0	0	0	0	0	0	0	0	0	0	0	0	0	0	0	0	0	0	0	0	0	32	0	0	0	0	0	0	0	16	0	0	16	0	16	16	16
70	Unique	유니크	0	4	0	0	0	0	8000	4	22	0	0	0	0	0	0	0	0	0	0	0	0	0	0	0	0	0	0	0	0	0	0	28	28	0	0	0	0	0	0	16	0	0	16	0	16	16	16
71	Janet	검 방어 1	0	2	0	0	0	0	0	2	0	0	5	0	0	0	0	0	0	0	0	0	0	0	0	0	0	0	0	0	0	0	0	0	0	0	0	0	0	0	0	0	0	0	0	0	0	0	0
72	Shining	창 방어 2	0	2	0	0	0	0	1000	3	1	0	0	0	0	5	0	0	0	0	0	0	0	0	0	0	0	0	0	0	0	0	0	0	0	0	0	0	0	0	0	2	0	0	2	0	2	2	2
73	Scarlet	단검 방어 3	0	2	0	0	0	0	2000	4	4	10	0	0	0	0	0	0	0	0	0	0	0	0	0	0	0	0	0	0	0	0	0	0	0	0	0	0	0	0	0	4	0	0	4	0	4	4	4
74	Janet	검 방어 4	0	2	0	0	0	0	3000	4	7	0	15	0	0	0	0	0	0	0	0	0	0	0	0	0	0	0	0	0	0	0	0	0	0	0	0	0	0	0	0	6	0	0	6	0	6	6	6
75	Shining	창 방어 5	0	2	0	0	0	0	4000	4	10	0	0	0	0	20	0	0	0	0	0	0	0	0	0	0	0	0	0	0	0	0	0	0	0	0	0	0	0	0	0	8	0	0	8	0	8	8	8
76	Scarlet	단검 방어 6	0	2	0	0	0	0	5000	4	13	25	0	0	0	0	0	0	0	0	0	0	0	0	0	0	0	0	0	0	0	0	0	0	0	0	0	0	0	0	0	10	0	0	10	0	10	10	10
77	Janet	검 방어 7	0	2	0	0	0	0	6000	4	16	0	30	0	0	0	0	0	0	0	0	0	0	0	0	0	0	0	0	0	0	0	0	0	0	0	0	0	0	0	0	12	0	0	12	0	12	12	12
78	Shining	창 방어 8	0	2	0	0	0	0	7000	4	19	0	0	0	0	35	0	0	0	0	0	0	0	0	0	0	0	0	0	0	0	0	0	0	0	0	0	0	0	0	0	14	0	0	14	0	14	14	14
79	Scarlet	단검 방어 9	0	2	0	0	0	0	8000	4	22	40	0	0	0	0	0	0	0	0	0	0	0	0	0	0	0	0	0	0	0	0	0	0	0	0	0	0	0	0	0	16	0	0	16	0	16	16	16
80	Unique	유니크	0	4	0	0	0	0	8000	4	22	35	35	0	0	35	0	0	0	0	0	0	0	0	0	0	0	0	0	0	0	0	0	0	0	0	0	0	0	0	0	16	0	0	16	0	16	16	16
81		기타 1	0	2	0	0	0	0	0	2	0	0	0	0	0	0	0	0	0	0	0	0	0	0	0	0	0	0	0	0	0	0	0	0	0	0	0	0	0	0	0	0	0	0	0	0	0	0	0
82		기타 2	0	2	0	0	0	0	1000	3	1	0	0	0	0	0	0	0	0	0	0	0	0	0	0	0	0	0	0	0	0	0	0	0	0	0	0	0	0	0	0	2	0	0	2	0	2	2	2
83		기타 3	0	2	0	0	0	0	2000	4	4	0	0	0	0	0	0	0	0	0	0	0	0	0	0	0	0	0	0	0	0	0	0	0	0	0	0	0	0	0	0	4	0	0	4	0	4	4	4
84		기타 4	0	2	0	0	0	0	3000	4	7	0	0	0	0	0	0	0	0	0	0	0	0	0	0	0	0	0	0	0	0	0	0	0	0	0	0	0	0	0	0	6	0	0	6	0	6	6	6
85		기타 5	0	2	0	0	0	0	4000	4	10	0	0	0	0	0	0	0	0	0	0	0	0	0	0	0	0	0	0	0	0	0	0	0	0	0	0	0	0	0	0	8	0	0	8	0	8	8	8
86		기타 6	0	2	0	0	0	0	5000	4	13	0	0	0	0	0	0	0	0	0	0	0	0	0	0	0	0	0	0	0	0	0	0	0	0	0	0	0	0	0	0	10	0	0	10	0	10	10	10
87		기타 7	0	2	0	0	0	0	6000	4	16	0	0	0	0	0	0	0	0	0	0	0	0	0	0	0	0	0	0	0	0	0	0	0	0	0	0	0	0	0	0	12	0	0	12	0	12	12	12
88		기타 8	0	2	0	0	0	0	7000	4	19	0	0	0	0	0	0	0	0	0	0	0	0	0	0	0	0	0	0	0	0	0	0	0	0	0	0	0	0	0	0	14	0	0	14	0	14	14	14
89		기타 9	0	2	0	0	0	0	8000	4	22	0	0	0	0	0	0	0	0	0	0	0	0	0	0	0	0	0	0	0	0	0	0	0	0	0	0	0	0	0	0	16	0	0	16	0	16	16	16
90	Unique	유니크	0	4	0	0	0	0	8000	4	22	0	0	0	0	0	0	0	0	0	0	0	0	0	0	0	0	0	0	0	0	0	0	0	0	0	0	0	0	0	0	16	0	0	16	0	16	16	16
91		기타 1	0	2	0	0	0	0	0	2	0	0	0	0	0	0	0	0	0	0	0	0	0	0	0	0	0	0	0	0	0	0	0	0	0	0	0	0	0	0	0	0	0	0	0	0	0	0	0
92		기타 2	0	2	0	0	0	0	1000	3	1	0	0	0	0	0	0	0	0	0	0	0	0	0	0	0	0	0	0	0	0	0	0	0	0	0	0	0	0	0	0	2	0	0	2	0	2	2	2
93		기타 3	0	2	0	0	0	0	2000	4	4	0	0	0	0	0	0	0	0	0	0	0	0	0	0	0	0	0	0	0	0	0	0	0	0	0	0	0	0	0	0	4	0	0	4	0	4	4	4
94		기타 4	0	2	0	0	0	0	3000	4	7	0	0	0	0	0	0	0	0	0	0	0	0	0	0	0	0	0	0	0	0	0	0	0	0	0	0	0	0	0	0	6	0	0	6	0	6	6	6
95		기타 5	0	2	0	0	0	0	4000	4	10	0	0	0	0	0	0	0	0	0	0	0	0	0	0	0	0	0	0	0	0	0	0	0	0	0	0	0	0	0	0	8	0	0	8	0	8	8	8
96		기타 6	0	2	0	0	0	0	5000	4	13	0	0	0	0	0	0	0	0	0	0	0	0	0	0	0	0	0	0	0	0	0	0	0	0	0	0	0	0	0	0	10	0	0	10	0	10	10	10
97		기타 7	0	2	0	0	0	0	6000	4	16	0	0	0	0	0	0	0	0	0	0	0	0	0	0	0	0	0	0	0	0	0	0	0	0	0	0	0	0	0	0	12	0	0	12	0	12	12	12
98		기타 8	0	2	0	0	0	0	7000	4	19	0	0	0	0	0	0	0	0	0	0	0	0	0	0	0	0	0	0	0	0	0	0	0	0	0	0	0	0	0	0	14	0	0	14	0	14	14	14
99		기타 9	0	2	0	0	0	0	8000	4	22	0	0	0	0	0	0	0	0	0	0	0	0	0	0	0	0	0	0	0	0	0	0	0	0	0	0	0	0	0	0	16	0	0	16	0	16	16	16
100	Unique	유니크	0	4	0	0	0	0	8000	4	22	0	0	0	0	0	0	0	0	0	0	0	0	0	0	0	0	0	0	0	0	0	0	0	0	0	0	0	0	0	0	16	0	0	16	0	16	16	16
255	Talia Skin	퀘스트	0	2	0	0	0	0	15000	1	30	0	0	0	0	0	0	0	0	0	0	0	0	0	0	0	0	0	0	0	0	0	0	0	0	0	0	0	0	0	0	10	0	0	0	0	0	0	0
256	Talia Skin	퀘스트	0	2	0	0	0	0	15000	1	30	0	0	0	0	0	0	0	0	0	0	0	0	0	0	0	0	0	0	0	0	0	0	0	0	0	0	0	0	0	0	10	0	0	0	0	0	0	0
257	Talia Skin	퀘스트	0	2	0	0	0	0	15000	1	30	0	0	0	0	0	0	0	0	0	0	0	0	0	0	0	0	0	0	0	0	0	0	0	0	0	0	0	0	0	0	10	0	0	0	0	0	0	0
258	Talia Skin	퀘스트	0	2	0	0	0	0	15000	1	30	0	0	0	0	0	0	0	0	0	0	0	0	0	0	0	0	0	0	0	0	0	0	0	0	0	0	0	0	0	0	10	0	0	0	0	0	0	0
261	Goblin Helmet	퀘스트	0	3	0	0	0	0	0	1	12	0	0	0	0	0	0	0	0	0	0	0	0	0	0	0	8	0	0	0	0	0	30	15	0	0	0	0	0	0	0	10	0	0	0	0	0	0	0
262	Goblin Helmet	퀘스트	0	3	0	0	0	0	0	1	12	0	0	0	0	0	0	0	0	0	0	0	0	0	0	0	0	0	8	0	0	0	30	15	0	0	0	0	0	0	0	10	0	0	0	0	0	0	0
263	Goblin Helmet	퀘스트	0	3	0	0	0	0	0	1	12	0	0	0	0	0	0	0	0	0	0	0	0	0	0	0	0	0	0	0	8	0	30	15	0	0	0	0	0	0	0	10	0	0	0	0	0	0	0
264	Goblin Helmet	퀘스트	0	3	0	0	0	0	0	1	12	0	0	0	0	0	0	0	0	0	0	0	0	0	0	0	0	8	0	0	0	0	30	15	0	0	0	0	0	0	0	10	0	0	0	0	0	0	0
265	Goblin Helmet	퀘스트	0	3	0	0	0	0	0	1	12	0	0	0	0	0	0	0	0	0	0	0	0	0	0	0	8	0	0	0	0	0	30	15	0	0	0	0	0	0	0	10	0	0	0	0	0	0	0
266	Goblin Helmet	퀘스트	0	3	0	0	0	0	0	1	12	0	0	0	0	0	0	0	0	0	0	0	0	0	0	0	0	0	8	0	0	0	30	15	0	0	0	0	0	0	0	10	0	0	0	0	0	0	0
267	Goblin Helmet	퀘스트	0	3	0	0	0	0	0	1	12	0	0	0	0	0	0	0	0	0	0	0	0	0	0	0	0	0	0	0	8	0	30	15	0	0	0	0	0	0	0	10	0	0	0	0	0	0	0
268	Goblin Helmet	퀘스트	0	3	0	0	0	0	0	1	12	0	0	0	0	0	0	0	0	0	0	0	0	0	0	0	0	8	0	0	0	0	30	15	0	0	0	0	0	0	0	10	0	0	0	0	0	0	0
269	Goblin Helmet	퀘스트	0	3	0	0	0	0	0	1	12	0	0	0	0	0	0	0	0	0	0	0	0	0	0	0	8	0	0	0	0	0	30	15	0	0	0	0	0	0	0	10	0	0	0	0	0	0	0
270	Goblin Helmet	퀘스트	0	3	0	0	0	0	0	1	12	0	0	0	0	0	0	0	0	0	0	0	0	0	0	0	0	0	8	0	0	0	30	15	0	0	0	0	0	0	0	10	0	0	0	0	0	0	0
271	Goblin Helmet	퀘스트	0	3	0	0	0	0	0	1	12	0	0	0	0	0	0	0	0	0	0	0	0	0	0	0	0	0	0	0	8	0	30	15	0	0	0	0	0	0	0	10	0	0	0	0	0	0	0
272	Goblin Helmet	퀘스트	0	3	0	0	0	0	0	1	12	0	0	0	0	0	0	0	0	0	0	0	0	0	0	0	0	8	0	0	0	0	30	15	0	0	0	0	0	0	0	10	0	0	0	0	0	0	0
273	Goblin Helmet	퀘스트	0	3	0	0	0	0	0	1	12	0	0	0	0	0	0	0	0	0	0	0	0	0	0	0	8	0	0	0	0	0	30	15	0	0	0	0	0	0	0	10	0	0	0	0	0	0	0
274	Goblin Helmet	퀘스트	0	3	0	0	0	0	0	1	12	0	0	0	0	0	0	0	0	0	0	0	0	0	0	0	0	0	8	0	0	0	30	15	0	0	0	0	0	0	0	10	0	0	0	0	0	0	0
275	Goblin Helmet	퀘스트	0	3	0	0	0	0	0	1	12	0	0	0	0	0	0	0	0	0	0	0	0	0	0	0	0	0	0	0	8	0	30	15	0	0	0	0	0	0	0	10	0	0	0	0	0	0	0
276	Goblin Helmet	퀘스트	0	3	0	0	0	0	0	1	12	0	0	0	0	0	0	0	0	0	0	0	0	0	0	0	0	8	0	0	0	0	30	15	0	0	0	0	0	0	0	10	0	0	0	0	0	0	0
277	Goblin Helmet	퀘스트	0	3	0	0	0	0	0	1	12	0	0	0	0	0	0	0	0	0	0	0	0	0	0	0	8	0	0	0	0	0	30	15	0	0	0	0	0	0	0	10	0	0	0	0	0	0	0
278	Goblin Helmet	퀘스트	0	3	0	0	0	0	0	1	12	0	0	0	0	0	0	0	0	0	0	0	0	0	0	0	0	0	8	0	0	0	30	15	0	0	0	0	0	0	0	10	0	0	0	0	0	0	0
279	Goblin Helmet	퀘스트	0	3	0	0	0	0	0	1	12	0	0	0	0	0	0	0	0	0	0	0	0	0	0	0	0	0	0	0	8	0	30	15	0	0	0	0	0	0	0	10	0	0	0	0	0	0	0
280	Goblin Helmet	퀘스트	0	3	0	0	0	0	0	1	12	0	0	0	0	0	0	0	0	0	0	0	0	0	0	0	0	8	0	0	0	0	30	15	0	0	0	0	0	0	0	10	0	0	0	0	0	0	0
301	Helmet of Destruction	퀘스트	0	3	0	0	0	0	0	1	0	0	0	0	0	0	0	0	0	0	0	0	0	0	0	0	0	0	0	0	0	0	0	0	0	0	0	0	0	0	0	10	0	0	0	0	0	0	0
302	Helmet of Destruction	퀘스트	0	3	0	0	0	0	0	1	0	0	0	0	0	0	0	0	0	0	0	0	0	0	0	0	0	0	0	0	0	0	0	0	0	0	0	0	0	0	0	10	0	0	0	0	0	0	0
303	Helmet of Destruction	퀘스트	0	3	0	0	0	0	0	1	0	0	0	0	0	0	0	0	0	0	0	0	0	0	0	0	0	0	0	0	0	0	0	0	0	0	0	0	0	0	0	10	0	0	0	0	0	0	0
304	Helmet of Destruction	퀘스트	0	3	0	0	0	0	0	1	0	0	0	0	0	0	0	0	0	0	0	0	0	0	0	0	0	0	0	0	0	0	0	0	0	0	0	0	0	0	0	10	0	0	0	0	0	0	0
305	Silan Helmet	퀘스트	0	3	0	0	0	0	3000	4	9	0	0	0	0	0	0	0	0	0	0	0	0	0	0	0	0	0	0	0	0	50	20	0	0	0	0	0	0	0	0	-13	0	0	-26	0	0	0	0
306	Silan Helmet	퀘스트	0	3	0	0	0	0	3000	4	9	0	0	0	0	0	0	0	0	0	0	0	0	0	0	0	0	0	0	0	0	40	25	0	0	0	0	0	0	0	0	-13	0	0	0	0	-26	0	0
307	Silan Helmet	퀘스트	0	3	0	0	0	0	3000	4	9	0	0	0	0	0	0	0	0	0	0	0	0	0	0	0	0	0	0	0	0	40	25	0	0	0	0	0	0	0	0	-13	0	0	0	0	0	-26	-13
308	Silan Helmet	퀘스트	0	3	0	0	0	0	3000	4	9	0	0	0	0	0	0	0	0	0	0	0	0	0	0	0	0	0	0	0	0	45	25	0	0	0	0	0	0	0	0	-13	0	0	0	-13	0	-26	0
501	Agility	힘 1	0	5	0	0	0	0	0	2	0	0	0	0	0	0	0	0	0	0	0	0	0	0	0	0	0	2	0	0	0	0	0	0	0	0	0	0	0	0	0	0	0	0	0	0	0	0	0
502	Agility	힘 2	0	5	0	0	0	0	1000	3	3	0	0	0	0	0	0	0	0	0	0	0	0	0	0	0	0	2	0	0	0	0	0	0	0	0	0	0	0	0	0	2	0	0	2	0	2	2	2
503	Agility	힘 3	0	5	0	0	0	0	2000	4	6	0	0	0	0	0	0	0	0	0	0	0	0	0	0	0	0	4	0	0	0	0	0	0	0	0	0	0	0	0	0	4	0	0	4	0	4	4	4
504	Agility	힘 4	0	5	0	0	0	0	3000	4	9	0	0	0	0	0	0	0	0	0	0	0	0	0	0	0	0	6	0	0	0	0	0	0	0	0	0	0	0	0	0	6	0	0	6	0	6	6	6
505	Agility	힘 5	0	5	0	0	0	0	4000	4	12	0	0	0	0	0	0	0	0	0	0	0	0	0	0	0	0	8	0	0	0	0	0	0	0	0	0	0	0	0	0	8	0	0	8	0	8	8	8
506	Agility	힘 6	0	5	0	0	0	0	5000	4	15	0	0	0	0	0	0	0	0	0	0	0	0	0	0	0	0	10	0	0	0	0	0	0	0	0	0	0	0	0	0	10	0	0	10	0	10	10	10
507	Agility	힘 7	0	5	0	0	0	0	6000	4	20	0	0	0	0	0	0	0	0	0	0	0	0	0	0	1	0	12	0	0	0	0	0	0	0	0	0	0	0	0	0	12	0	0	12	0	12	12	12
508	Agility	힘 8	0	5	0	0	0	0	7000	4	27	0	0	0	0	0	0	0	0	0	0	0	0	0	0	1	0	15	0	0	0	0	0	0	0	0	0	0	0	0	0	14	0	0	14	0	14	14	14
509	Agility	힘 9	0	5	0	0	0	0	8000	4	37	0	0	0	0	0	0	0	0	0	0	0	0	0	0	1	0	19	0	0	0	0	0	0	0	0	0	0	0	0	0	16	0	0	16	0	16	16	16
510	Agility	힘 10	0	5	0	0	0	0	9000	4	52	0	0	0	0	0	0	0	0	0	0	0	0	0	0	1	0	24	0	0	0	0	0	0	0	0	0	0	0	0	0	18	0	0	18	0	18	18	18
511	Agility	힘 1	0	5	0	0	0	0	0	2	0	0	0	0	0	0	0	0	0	0	0	0	0	0	0	0	0	0	2	0	0	0	0	0	0	0	0	0	0	0	0	0	0	0	0	0	0	0	0
512	Agility	힘 2	0	5	0	0	0	0	1000	3	3	0	0	0	0	0	0	0	0	0	0	0	0	0	0	0	0	0	2	0	0	0	0	0	0	0	0	0	0	0	0	2	0	0	2	0	2	2	2
513	Agility	힘 3	0	5	0	0	0	0	2000	4	6	0	0	0	0	0	0	0	0	0	0	0	0	0	0	0	0	0	4	0	0	0	0	0	0	0	0	0	0	0	0	4	0	0	4	0	4	4	4
514	Agility	힘 4	0	5	0	0	0	0	3000	4	9	0	0	0	0	0	0	0	0	0	0	0	0	0	0	0	0	0	6	0	0	0	0	0	0	0	0	0	0	0	0	6	0	0	6	0	6	6	6
515	Agility	힘 5	0	5	0	0	0	0	4000	4	12	0	0	0	0	0	0	0	0	0	0	0	0	0	0	0	0	0	8	0	0	0	0	0	0	0	0	0	0	0	0	8	0	0	8	0	8	8	8
516	Agility	힘 6	0	5	0	0	0	0	5000	4	15	0	0	0	0	0	0	0	0	0	0	0	0	0	0	0	0	0	10	0	0	0	0	0	0	0	0	0	0	0	0	10	0	0	10	0	10	10	10
517	Agility	힘 7	0	5	0	0	0	0	6000	4	20	0	0	0	0	0	0	0	0	0	0	0	0	0	0	1	0	0	12	0	0	0	0	0	0	0	0	0	0	0	0	12	0	0	12	0	12	12	12
518	Agility	힘 8	0	5	0	0	0	0	7000	4	27	0	0	0	0	0	0	0	0	0	0	0	0	0	0	1	0	0	15	0	0	0	0	0	0	0	0	0	0	0	0	14	0	0	14	0	14	14	14
519	Agility	힘 9	0	5	0	0	0	0	8000	4	37	0	0	0	0	0	0	0	0	0	0	0	0	0	0	1	0	0	19	0	0	0	0	0	0	0	0	0	0	0	0	16	0	0	16	0	16	16	16
520	Agility	힘 10	0	5	0	0	0	0	9000	4	52	0	0	0	0	0	0	0	0	0	0	0	0	0	0	1	0	0	24	0	0	0	0	0	0	0	0	0	0	0	0	18	0	0	18	0	18	18	18
521	Agility	힘 1	0	5	0	0	0	0	0	2	0	0	0	0	0	0	0	0	0	0	0	0	0	0	0	0	0	0	0	2	0	0	0	0	0	0	0	0	0	0	0	0	0	0	0	0	0	0	0
522	Agility	힘 2	0	5	0	0	0	0	1000	3	3	0	0	0	0	0	0	0	0	0	0	0	0	0	0	0	0	0	0	2	0	0	0	0	0	0	0	0	0	0	0	2	0	0	2	0	2	2	2
523	Agility	힘 3	0	5	0	0	0	0	2000	4	6	0	0	0	0	0	0	0	0	0	0	0	0	0	0	0	0	0	0	4	0	0	0	0	0	0	0	0	0	0	0	4	0	0	4	0	4	4	4
524	Agility	힘 4	0	5	0	0	0	0	3000	4	9	0	0	0	0	0	0	0	0	0	0	0	0	0	0	0	0	0	0	6	0	0	0	0	0	0	0	0	0	0	0	6	0	0	6	0	6	6	6
525	Agility	힘 5	0	5	0	0	0	0	4000	4	12	0	0	0	0	0	0	0	0	0	0	0	0	0	0	0	0	0	0	8	0	0	0	0	0	0	0	0	0	0	0	8	0	0	8	0	8	8	8
526	Agility	힘 6	0	5	0	0	0	0	5000	4	15	0	0	0	0	0	0	0	0	0	0	0	0	0	0	0	0	0	0	10	0	0	0	0	0	0	0	0	0	0	0	10	0	0	10	0	10	10	10
527	Agility	힘 7	0	5	0	0	0	0	6000	4	20	0	0	0	0	0	0	0	0	0	0	0	0	0	0	1	0	0	0	12	0	0	0	0	0	0	0	0	0	0	0	12	0	0	12	0	12	12	12
528	Agility	힘 8	0	5	0	0	0	0	7000	4	27	0	0	0	0	0	0	0	0	0	0	0	0	0	0	1	0	0	0	15	0	0	0	0	0	0	0	0	0	0	0	14	0	0	14	0	14	14	14
529	Agility	힘 9	0	5	0	0	0	0	8000	4	37	0	0	0	0	0	0	0	0	0	0	0	0	0	0	1	0	0	0	19	0	0	0	0	0	0	0	0	0	0	0	16	0	0	16	0	16	16	16
530	Agility	힘 10	0	5	0	0	0	0	9000	4	52	0	0	0	0	0	0	0	0	0	0	0	0	0	0	1	0	0	0	24	0	0	0	0	0	0	0	0	0	0	0	18	0	0	18	0	18	18	18
531	Agility	힘 1	0	5	0	0	0	0	0	2	0	0	0	0	0	0	0	0	0	0	0	0	0	0	0	0	0	0	0	0	2	0	0	0	0	0	0	0	0	0	0	0	0	0	0	0	0	0	0
532	Agility	힘 2	0	5	0	0	0	0	1000	3	3	0	0	0	0	0	0	0	0	0	0	0	0	0	0	0	0	0	0	0	2	0	0	0	0	0	0	0	0	0	0	2	0	0	2	0	2	2	2
533	Agility	힘 3	0	5	0	0	0	0	2000	4	6	0	0	0	0	0	0	0	0	0	0	0	0	0	0	0	0	0	0	0	4	0	0	0	0	0	0	0	0	0	0	4	0	0	4	0	4	4	4
534	Agility	힘 4	0	5	0	0	0	0	3000	4	9	0	0	0	0	0	0	0	0	0	0	0	0	0	0	0	0	0	0	0	6	0	0	0	0	0	0	0	0	0	0	6	0	0	6	0	6	6	6
535	Agility	힘 5	0	5	0	0	0	0	4000	4	12	0	0	0	0	0	0	0	0	0	0	0	0	0	0	0	0	0	0	0	8	0	0	0	0	0	0	0	0	0	0	8	0	0	8	0	8	8	8
536	Agility	힘 6	0	5	0	0	0	0	5000	4	15	0	0	0	0	0	0	0	0	0	0	0	0	0	0	0	0	0	0	0	10	0	0	0	0	0	0	0	0	0	0	10	0	0	10	0	10	10	10
537	Agility	힘 7	0	5	0	0	0	0	6000	4	20	0	0	0	0	0	0	0	0	0	0	0	0	0	0	1	0	0	0	0	12	0	0	0	0	0	0	0	0	0	0	12	0	0	12	0	12	12	12
538	Agility	힘 8	0	5	0	0	0	0	7000	4	27	0	0	0	0	0	0	0	0	0	0	0	0	0	0	1	0	0	0	0	15	0	0	0	0	0	0	0	0	0	0	14	0	0	14	0	14	14	14
539	Agility	힘 9	0	5	0	0	0	0	8000	4	37	0	0	0	0	0	0	0	0	0	0	0	0	0	0	1	0	0	0	0	19	0	0	0	0	0	0	0	0	0	0	16	0	0	16	0	16	16	16
540	Agility	힘 10	0	5	0	0	0	0	9000	4	52	0	0	0	0	0	0	0	0	0	0	0	0	0	0	1	0	0	0	0	24	0	0	0	0	0	0	0	0	0	0	18	0	0	18	0	18	18	18
