0		엘모라드	0	0	0	100	0	0	0	1	0	0	0	0	0	0	0	0	0	0	0	0	0	0	0	0	0	0	0	0	0	0	0	0	0	0	0	0	0	0	0	0	0	0	0	0	0	0	0
1	Upgrade	업그레이드기본형	0	5	0	100	0	0	0	2	0	0	0	0	0	0	0	0	0	0	0	0	0	0	0	0	0	0	0	0	0	0	0	0	0	0	0	0	0	0	0	0	0	0	0	0	0	0	0
2	Upgrade	기본업2	0	5	4	100	0	0	1000	3	0	0	0	0	0	0	0	0	0	0	0	0	0	0	0	0	0	0	0	0	0	0	0	0	0	0	0	0	0	0	0	2	0	0	1	0	0	2	0
3	Upgrade	기본업3	0	5	8	100	0	0	2000	4	0	0	0	0	0	0	0	0	0	0	0	0	0	0	0	0	0	0	0	0	0	0	0	0	0	0	0	0	0	0	0	4	0	0	2	0	0	4	0
4	Upgrade	기본업4	0	5	12	100	0	0	3000	4	0	0	0	0	0	0	0	0	0	0	0	0	0	0	0	0	0	0	0	0	0	0	0	0	0	0	0	0	0	0	0	6	0	0	3	0	0	6	0
5	Upgrade	기본업5	0	5	16	100	0	0	4000	4	0	0	0	0	0	0	0	0	0	0	0	0	0	0	0	0	0	0	0	0	0	0	0	0	0	0	0	0	0	0	0	8	0	0	4	0	0	8	0
6	Upgrade	기본업6	0	5	20	100	0	0	5000	4	0	0	0	0	0	0	0	0	0	0	0	0	0	0	0	0	0	0	0	0	0	0	0	0	0	0	0	0	0	0	0	10	0	0	5	0	0	10	0
7	Upgrade	기본업7	0	5	26	100	0	0	6000	4	0	0	0	0	0	0	0	0	0	0	0	0	0	0	0	1	0	0	0	0	0	0	0	0	0	0	0	0	0	0	0	12	0	0	6	0	0	12	0
8	Upgrade	기본업8	0	5	35	100	0	0	7000	4	0	0	0	0	0	0	0	0	0	0	0	0	0	0	0	1	0	0	0	0	0	0	0	0	0	0	0	0	0	0	0	14	0	0	7	0	0	14	0
9	Upgrade	기본업9	0	5	48	100	0	0	8000	4	0	0	0	0	0	0	0	0	0	0	0	0	0	0	0	1	0	0	0	0	0	0	0	0	0	0	0	0	0	0	0	16	0	0	8	0	0	16	0
10	Upgrade	기본업10	0	5	68	100	0	0	9000	4	0	0	0	0	0	0	0	0	0	0	0	0	0	0	0	1	0	0	0	0	0	0	0	0	0	0	0	0	0	0	0	18	0	0	10	0	0	18	0
11	Stamina	체력1	0	5	0	100	0	0	0	2	0	0	0	0	0	0	0	0	0	0	0	0	0	0	0	0	0	2	0	0	0	0	0	0	0	0	0	0	0	0	0	0	0	0	0	0	0	0	0
12	Stamina	체력2	0	5	4	100	0	0	1000	3	0	0	0	0	0	0	0	0	0	0	0	0	0	0	0	0	0	2	0	0	0	0	0	0	0	0	0	0	0	0	0	2	0	0	1	0	0	2	0
13	Stamina	체력3	0	5	8	100	0	0	2000	4	0	0	0	0	0	0	0	0	0	0	0	0	0	0	0	0	0	4	0	0	0	0	0	0	0	0	0	0	0	0	0	4	0	0	2	0	0	4	0
14	Stamina	체력4	0	5	12	100	0	0	3000	4	0	0	0	0	0	0	0	0	0	0	0	0	0	0	0	0	0	6	0	0	0	0	0	0	0	0	0	0	0	0	0	6	0	0	3	0	0	6	0
15	Stamina	체력5	0	5	16	100	0	0	4000	4	0	0	0	0	0	0	0	0	0	0	0	0	0	0	0	0	0	8	0	0	0	0	0	0	0	0	0	0	0	0	0	8	0	0	4	0	0	8	0
16	Stamina	체력6	0	5	20	100	0	0	5000	4	0	0	0	0	0	0	0	0	0	0	0	0	0	0	0	0	0	10	0	0	0	0	0	0	0	0	0	0	0	0	0	10	0	0	5	0	0	10	0
17	Stamina	체력7	0	5	26	100	0	0	6000	4	0	0	0	0	0	0	0	0	0	0	0	0	0	0	0	1	0	12	0	0	0	0	0	0	0	0	0	0	0	0	0	12	0	0	6	0	0	12	0
18	Stamina	체력8	0	5	35	100	0	0	7000	4	0	0	0	0	0	0	0	0	0	0	0	0	0	0	0	1	0	14	0	0	0	0	0	0	0	0	0	0	0	0	0	14	0	0	7	0	0	14	0
19	Stamina	체력9	0	5	48	100	0	0	8000	4	0	0	0	0	0	0	0	0	0	0	0	0	0	0	0	1	0	16	0	0	0	0	0	0	0	0	0	0	0	0	0	16	0	0	8	0	0	16	0
20	Stamina	체력10	0	5	68	100	0	0	9000	4	0	0	0	0	0	0	0	0	0	0	0	0	0	0	0	1	0	18	0	0	0	0	0	0	0	0	0	0	0	0	0	18	0	0	10	0	0	18	0
21	Cobalt	냉기저항1	0	5	0	100	0	0	0	2	0	0	0	0	0	0	0	0	0	0	0	0	0	0	0	0	0	0	0	0	0	0	0	0	3	0	0	0	0	0	0	0	0	0	0	0	0	0	0
22	Cobalt	냉기저항2	0	5	4	100	0	0	1000	3	0	0	0	0	0	0	0	0	0	0	0	0	0	0	0	0	0	0	0	0	0	0	0	0	3	0	0	0	0	0	0	2	0	0	1	0	0	2	0
23	Cobalt	냉기저항3	0	5	8	100	0	0	2000	4	0	0	0	0	0	0	0	0	0	0	0	0	0	0	0	0	0	0	0	0	0	0	0	0	6	0	0	0	0	0	0	4	0	0	2	0	0	4	0
24	Cobalt	냉기저항4	0	5	12	100	0	0	3000	4	0	0	0	0	0	0	0	0	0	0	0	0	0	0	0	0	0	0	0	0	0	0	0	0	9	0	0	0	0	0	0	6	0	0	3	0	0	6	0
25	Cobalt	냉기저항5	0	5	16	100	0	0	4000	4	0	0	0	0	0	0	0	0	0	0	0	0	0	0	0	0	0	0	0	0	0	0	0	0	12	0	0	0	0	0	0	8	0	0	4	0	0	8	0
26	Cobalt	냉기저항6	0	5	20	100	0	0	5000	4	0	0	0	0	0	0	0	0	0	0	0	0	0	0	0	0	0	0	0	0	0	0	0	0	15	0	0	0	0	0	0	10	0	0	5	0	0	10	0
27	Cobalt	냉기저항7	0	5	26	100	0	0	6000	4	0	0	0	0	0	0	0	0	0	0	0	0	0	0	0	1	0	0	0	0	0	0	0	0	18	0	0	0	0	0	0	12	0	0	6	0	0	12	0
28	Cobalt	냉기저항8	0	5	35	100	0	0	7000	4	0	0	0	0	0	0	0	0	0	0	0	0	0	0	0	1	0	0	0	0	0	0	0	0	21	0	0	0	0	0	0	14	0	0	7	0	0	14	0
29	Cobalt	냉기저항9	0	5	48	100	0	0	8000	4	0	0	0	0	0	0	0	0	0	0	0	0	0	0	0	1	0	0	0	0	0	0	0	0	24	0	0	0	0	0	0	16	0	0	8	0	0	16	0
30	Cobalt	냉기저항10	0	5	68	100	0	0	9000	4	0	0	0	0	0	0	0	0	0	0	0	0	0	0	0	1	0	0	0	0	0	0	0	0	27	0	0	0	0	0	0	18	0	0	10	0	0	18	0
31	Light	능력치제한감소1	0	5	0	100	0	0	0	2	0	0	0	0	0	0	0	0	0	0	0	0	0	0	0	0	0	0	0	0	0	0	0	0	0	0	0	0	0	0	0	0	0	0	-16	0	0	0	0
32	Light	능력치제한감소2	0	5	4	100	0	0	1000	3	0	0	0	0	0	0	0	0	0	0	0	0	0	0	0	0	0	0	0	0	0	0	0	0	0	0	0	0	0	0	0	2	0	0	-14	0	0	2	0
33	Light	능력치제한감소3	0	5	8	100	0	0	2000	4	0	0	0	0	0	0	0	0	0	0	0	0	0	0	0	0	0	0	0	0	0	0	0	0	0	0	0	0	0	0	0	4	0	0	-12	0	0	4	0
34	Light	능력치제한감소4	0	5	12	100	0	0	3000	4	0	0	0	0	0	0	0	0	0	0	0	0	0	0	0	0	0	0	0	0	0	0	0	0	0	0	0	0	0	0	0	6	0	0	-10	0	0	6	0
35	Light	능력치제한감소5	0	5	16	100	0	0	4000	4	0	0	0	0	0	0	0	0	0	0	0	0	0	0	0	0	0	0	0	0	0	0	0	0	0	0	0	0	0	0	0	8	0	0	-8	0	0	8	0
36	Light	능력치제한감소6	0	5	20	100	0	0	5000	4	0	0	0	0	0	0	0	0	0	0	0	0	0	0	0	0	0	0	0	0	0	0	0	0	0	0	0	0	0	0	0	10	0	0	-6	0	0	10	0
37	Light	능력치제한감소7	0	5	26	100	0	0	6000	4	0	0	0	0	0	0	0	0	0	0	0	0	0	0	0	1	0	0	0	0	0	0	0	0	0	0	0	0	0	0	0	12	0	0	-4	0	0	12	0
38	Light	능력치제한감소8	0	5	35	100	0	0	7000	4	0	0	0	0	0	0	0	0	0	0	0	0	0	0	0	1	0	0	0	0	0	0	0	0	0	0	0	0	0	0	0	14	0	0	-2	0	0	14	0
39	Light	능력치제한감소9	0	5	48	100	0	0	8000	4	0	0	0	0	0	0	0	0	0	0	0	0	0	0	0	1	0	0	0	0	0	0	0	0	0	0	0	0	0	0	0	16	0	0	-2	0	0	16	0
40	Light	능력치제한감소10	0	5	68	100	0	0	9000	4	0	0	0	0	0	0	0	0	0	0	0	0	0	0	0	1	0	0	0	0	0	0	0	0	0	0	0	0	0	0	0	18	0	0	-2	0	0	18	0
41	Panic	전격속성 1	0	5	0	100	0	0	0	2	0	0	0	0	0	0	0	0	0	10	0	0	0	0	0	0	0	0	0	0	0	0	0	0	0	0	0	0	0	0	0	0	0	0	0	0	0	0	0
42	Panic	전격속성 2	0	5	4	100	0	0	1000	3	0	0	0	0	0	0	0	0	0	20	0	0	0	0	0	0	0	0	0	0	0	0	0	0	0	0	0	0	0	0	0	2	0	0	1	0	0	2	0
43	Panic	전격속성 3	0	5	8	100	0	0	2000	4	0	0	0	0	0	0	0	0	0	30	0	0	0	0	0	0	0	0	0	0	0	0	0	0	0	0	0	0	0	0	0	4	0	0	2	0	0	4	0
44	Panic	전격속성 4	0	5	12	100	0	0	3000	4	0	0	0	0	0	0	0	0	0	40	0	0	0	0	0	0	0	0	0	0	0	0	0	0	0	0	0	0	0	0	0	6	0	0	3	0	0	6	0
45	Panic	전격속성 5	0	5	16	100	0	0	4000	4	0	0	0	0	0	0	0	0	0	50	0	0	0	0	0	0	0	0	0	0	0	0	0	0	0	0	0	0	0	0	0	8	0	0	4	0	0	8	0
46	Panic	전격속성 6	0	5	20	100	0	0	5000	4	0	0	0	0	0	0	0	0	0	60	0	0	0	0	0	0	0	0	0	0	0	0	0	0	0	0	0	0	0	0	0	10	0	0	5	0	0	10	0
47	Panic	전격속성 7	0	5	26	100	0	0	6000	4	0	0	0	0	0	0	0	0	0	70	0	0	0	0	0	1	0	0	0	0	0	0	0	0	0	0	0	0	0	0	0	12	0	0	6	0	0	12	0
48	Panic	전격속성 8	0	5	35	100	0	0	7000	4	0	0	0	0	0	0	0	0	0	80	0	0	0	0	0	1	0	0	0	0	0	0	0	0	0	0	0	0	0	0	0	14	0	0	7	0	0	14	0
49	Panic	전격속성 9	0	5	48	100	0	0	8000	4	0	0	0	0	0	0	0	0	0	90	0	0	0	0	0	1	0	0	0	0	0	0	0	0	0	0	0	0	0	0	0	16	0	0	8	0	0	16	0
50	Panic	전격속성 10	0	5	68	100	0	0	9000	4	0	0	0	0	0	0	0	0	0	100	0	0	0	0	0	1	0	0	0	0	0	0	0	0	0	0	0	0	0	0	0	18	0	0	10	0	0	18	0
51		몹드롭기본형	0	0	0	100	0	0	0	2	0	0	0	0	0	0	0	0	0	0	0	0	0	0	0	0	0	0	0	0	0	0	0	0	0	0	0	0	0	0	0	0	0	0	0	0	0	0	0
52		몹드롭기본2	0	0	2	100	0	0	1000	3	0	0	0	0	0	0	0	0	0	0	0	0	0	0	0	0	0	0	0	0	0	0	0	0	0	0	0	0	0	0	0	2	0	0	1	0	0	2	0
53		몹드롭기본3	0	0	6	100	0	0	2000	4	0	0	0	0	0	0	0	0	0	0	0	0	0	0	0	0	0	0	0	0	0	0	0	0	0	0	0	0	0	0	0	4	0	0	2	0	0	4	0
54		몹드롭기본4	0	0	10	100	0	0	3000	4	0	0	0	0	0	0	0	0	0	0	0	0	0	0	0	0	0	0	0	0	0	0	0	0	0	0	0	0	0	0	0	6	0	0	3	0	0	6	0
55		몹드롭기본5	0	0	14	100	0	0	4000	4	0	0	0	0	0	0	0	0	0	0	0	0	0	0	0	0	0	0	0	0	0	0	0	0	0	0	0	0	0	0	0	8	0	0	4	0	0	8	0
56		몹드롭기본6	0	0	18	100	0	0	5000	4	0	0	0	0	0	0	0	0	0	0	0	0	0	0	0	0	0	0	0	0	0	0	0	0	0	0	0	0	0	0	0	10	0	0	5	0	0	10	0
57		몹드롭기본7	0	0	22	100	0	0	6000	4	0	0	0	0	0	0	0	0	0	0	0	0	0	0	0	0	0	0	0	0	0	0	0	0	0	0	0	0	0	0	0	12	0	0	6	0	0	12	0
58		몹드롭기본8	0	0	26	100	0	0	7000	4	0	0	0	0	0	0	0	0	0	0	0	0	0	0	0	0	0	0	0	0	0	0	0	0	0	0	0	0	0	0	0	14	0	0	7	0	0	14	0
59		몹드롭기본9	0	0	30	100	0	0	8000	4	0	0	0	0	0	0	0	0	0	0	0	0	0	0	0	0	0	0	0	0	0	0	0	0	0	0	0	0	0	0	0	16	0	0	8	0	0	16	0
60	Unique	??	0	4	30	100	0	0	9000	4	0	0	0	0	0	0	0	0	0	0	0	0	0	0	0	0	0	0	0	0	0	0	0	0	0	0	0	0	0	0	0	16	0	0	8	0	0	16	0
61	Strong	몹드롭내구력1	0	1	0	100	0	0	0	2	0	0	0	0	0	0	0	0	0	0	0	0	0	0	0	0	0	0	0	0	0	0	0	0	0	0	0	0	0	0	0	0	0	0	0	0	0	0	0
62	Strong	몹드롭내구력2	0	1	2	100	0	0	1000	3	0	0	0	0	0	0	0	0	0	0	0	0	0	0	0	0	0	0	0	0	0	0	0	0	0	0	0	0	0	0	0	2	0	0	1	0	0	2	0
63	Strong	몹드롭내구력3	0	1	6	100	0	0	2000	4	0	0	0	0	0	0	0	0	0	0	0	0	0	0	0	0	0	0	0	0	0	0	0	0	0	0	0	0	0	0	0	4	0	0	2	0	0	4	0
64	Strong	몹드롭내구력4	0	1	10	100	0	0	3000	4	0	0	0	0	0	0	0	0	0	0	0	0	0	0	0	0	0	0	0	0	0	0	0	0	0	0	0	0	0	0	0	6	0	0	3	0	0	6	0
65	Strong	몹드롭내구력5	0	1	14	100	0	0	4000	4	0	0	0	0	0	0	0	0	0	0	0	0	0	0	0	0	0	0	0	0	0	0	0	0	0	0	0	0	0	0	0	8	0	0	4	0	0	8	0
66	Strong	몹드롭내구력6	0	1	18	100	0	0	5000	4	0	0	0	0	0	0	0	0	0	0	0	0	0	0	0	0	0	0	0	0	0	0	0	0	0	0	0	0	0	0	0	10	0	0	5	0	0	10	0
67	Strong	몹드롭내구력7	0	1	22	100	0	0	6000	4	0	0	0	0	0	0	0	0	0	0	0	0	0	0	0	0	0	0	0	0	0	0	0	0	0	0	0	0	0	0	0	12	0	0	6	0	0	12	0
68	Strong	몹드롭내구력8	0	1	26	100	0	0	7000	4	0	0	0	0	0	0	0	0	0	0	0	0	0	0	0	0	0	0	0	0	0	0	0	0	0	0	0	0	0	0	0	14	0	0	7	0	0	14	0
69	Strong	몹드롭내구력9	0	1	30	100	0	0	8000	4	0	0	0	0	0	0	0	0	0	0	0	0	0	0	0	0	0	0	0	0	0	0	0	0	0	0	0	0	0	0	0	16	0	0	8	0	0	16	0
70	Unique	??	0	4	30	100	0	0	9000	4	0	0	0	0	0	0	0	0	0	0	0	0	0	0	0	0	0	0	0	0	0	0	0	0	0	0	0	0	0	0	0	16	0	0	8	0	0	16	0
71	Strength	힘1	0	1	0	100	0	0	0	2	0	0	0	0	0	0	0	0	0	0	0	0	0	0	0	0	1	0	0	0	0	0	0	0	0	0	0	0	0	0	0	0	0	0	0	0	0	0	0
72	Strength	힘2	0	1	2	100	0	0	1000	3	0	0	0	0	0	0	0	0	0	0	0	0	0	0	0	0	1	0	0	0	0	0	0	0	0	0	0	0	0	0	0	2	0	0	1	0	0	2	0
73	Strength	힘3	0	1	6	100	0	0	2000	4	0	0	0	0	0	0	0	0	0	0	0	0	0	0	0	0	3	0	0	0	0	0	0	0	0	0	0	0	0	0	0	4	0	0	2	0	0	4	0
74	Strength	힘4	0	1	10	100	0	0	3000	4	0	0	0	0	0	0	0	0	0	0	0	0	0	0	0	0	5	0	0	0	0	0	0	0	0	0	0	0	0	0	0	6	0	0	3	0	0	6	0
75	Strength	힘5	0	1	14	100	0	0	4000	4	0	0	0	0	0	0	0	0	0	0	0	0	0	0	0	0	7	0	0	0	0	0	0	0	0	0	0	0	0	0	0	8	0	0	4	0	0	8	0
76	Strength	힘6	0	1	18	100	0	0	5000	4	0	0	0	0	0	0	0	0	0	0	0	0	0	0	0	0	9	0	0	0	0	0	0	0	0	0	0	0	0	0	0	10	0	0	5	0	0	10	0
77	Strength	힘7	0	1	22	100	0	0	6000	4	0	0	0	0	0	0	0	0	0	0	0	0	0	0	0	0	11	0	0	0	0	0	0	0	0	0	0	0	0	0	0	12	0	0	6	0	0	12	0
78	Strength	힘8	0	1	26	100	0	0	7000	4	0	0	0	0	0	0	0	0	0	0	0	0	0	0	0	0	13	0	0	0	0	0	0	0	0	0	0	0	0	0	0	14	0	0	7	0	0	14	0
79	Strength	힘9	0	1	30	100	0	0	8000	4	0	0	0	0	0	0	0	0	0	0	0	0	0	0	0	0	15	0	0	0	0	0	0	0	0	0	0	0	0	0	0	16	0	0	8	0	0	16	0
80	Unique	??	0	4	30	100	0	0	9000	4	0	0	0	0	0	0	0	0	0	0	0	0	0	0	0	0	15	0	0	0	0	0	0	0	0	0	0	0	0	0	0	16	0	0	8	0	0	16	0
81	Agility	민첩1	0	1	0	100	0	0	0	2	0	0	0	0	0	0	0	0	0	0	0	0	0	0	0	0	0	0	1	0	0	0	0	0	0	0	0	0	0	0	0	0	0	0	0	0	0	0	0
82	Agility	민첩2	0	1	2	100	0	0	1000	3	0	0	0	0	0	0	0	0	0	0	0	0	0	0	0	0	0	0	1	0	0	0	0	0	0	0	0	0	0	0	0	2	0	0	1	0	0	2	0
83	Agility	민첩3	0	1	6	100	0	0	2000	4	0	0	0	0	0	0	0	0	0	0	0	0	0	0	0	0	0	0	3	0	0	0	0	0	0	0	0	0	0	0	0	4	0	0	2	0	0	4	0
84	Agility	민첩4	0	1	10	100	0	0	3000	4	0	0	0	0	0	0	0	0	0	0	0	0	0	0	0	0	0	0	5	0	0	0	0	0	0	0	0	0	0	0	0	6	0	0	3	0	0	6	0
85	Agility	민첩5	0	1	14	100	0	0	4000	4	0	0	0	0	0	0	0	0	0	0	0	0	0	0	0	0	0	0	7	0	0	0	0	0	0	0	0	0	0	0	0	8	0	0	4	0	0	8	0
86	Agility	민첩6	0	1	18	100	0	0	5000	4	0	0	0	0	0	0	0	0	0	0	0	0	0	0	0	0	0	0	9	0	0	0	0	0	0	0	0	0	0	0	0	10	0	0	5	0	0	10	0
87	Agility	민첩7	0	1	22	100	0	0	6000	4	0	0	0	0	0	0	0	0	0	0	0	0	0	0	0	0	0	0	11	0	0	0	0	0	0	0	0	0	0	0	0	12	0	0	6	0	0	12	0
88	Agility	민첩8	0	1	26	100	0	0	7000	4	0	0	0	0	0	0	0	0	0	0	0	0	0	0	0	0	0	0	13	0	0	0	0	0	0	0	0	0	0	0	0	14	0	0	7	0	0	14	0
89	Agility	민첩9	0	1	30	100	0	0	8000	4	0	0	0	0	0	0	0	0	0	0	0	0	0	0	0	0	0	0	15	0	0	0	0	0	0	0	0	0	0	0	0	16	0	0	8	0	0	16	0
90	Unique	??	0	4	30	100	0	0	9000	4	0	0	0	0	0	0	0	0	0	0	0	0	0	0	0	0	0	0	15	0	0	0	0	0	0	0	0	0	0	0	0	16	0	0	8	0	0	16	0
91	Wisdom	지능1	0	1	0	100	0	0	0	2	0	0	0	0	0	0	0	0	0	0	0	0	0	0	0	0	0	0	0	1	0	0	0	0	0	0	0	0	0	0	0	0	0	0	0	0	0	0	0
92	Wisdom	지능2	0	1	2	100	0	0	1000	3	0	0	0	0	0	0	0	0	0	0	0	0	0	0	0	0	0	0	0	1	0	0	0	0	0	0	0	0	0	0	0	2	0	0	1	0	0	2	0
93	Wisdom	지능3	0	1	6	100	0	0	2000	4	0	0	0	0	0	0	0	0	0	0	0	0	0	0	0	0	0	0	0	3	0	0	0	0	0	0	0	0	0	0	0	4	0	0	2	0	0	4	0
94	Wisdom	지능4	0	1	10	100	0	0	3000	4	0	0	0	0	0	0	0	0	0	0	0	0	0	0	0	0	0	0	0	5	0	0	0	0	0	0	0	0	0	0	0	6	0	0	3	0	0	6	0
95	Wisdom	지능5	0	1	14	100	0	0	4000	4	0	0	0	0	0	0	0	0	0	0	0	0	0	0	0	0	0	0	0	7	0	0	0	0	0	0	0	0	0	0	0	8	0	0	4	0	0	8	0
96	Wisdom	지능6	0	1	18	100	0	0	5000	4	0	0	0	0	0	0	0	0	0	0	0	0	0	0	0	0	0	0	0	9	0	0	0	0	0	0	0	0	0	0	0	10	0	0	5	0	0	10	0
97	Wisdom	지능7	0	1	22	100	0	0	6000	4	0	0	0	0	0	0	0	0	0	0	0	0	0	0	0	0	0	0	0	11	0	0	0	0	0	0	0	0	0	0	0	12	0	0	6	0	0	12	0
98	Wisdom	지능8	0	1	26	100	0	0	7000	4	0	0	0	0	0	0	0	0	0	0	0	0	0	0	0	0	0	0	0	13	0	0	0	0	0	0	0	0	0	0	0	14	0	0	7	0	0	14	0
99	Wisdom	지능9	0	1	30	100	0	0	8000	4	0	0	0	0	0	0	0	0	0	0	0	0	0	0	0	0	0	0	0	15	0	0	0	0	0	0	0	0	0	0	0	16	0	0	8	0	0	16	0
100	Unique	??	0	4	30	100	0	0	9000	4	0	0	0	0	0	0	0	0	0	0	0	0	0	0	0	0	0	0	0	15	0	0	0	0	0	0	0	0	0	0	0	16	0	0	8	0	0	16	0
101	Salamander	화염저항1	0	1	0	100	0	0	0	2	0	0	0	0	0	0	0	0	0	0	0	0	0	0	0	0	0	0	0	0	0	0	0	1	0	0	0	0	0	0	0	0	0	0	0	0	0	0	0
102	Salamander	화염저항2	0	1	2	100	0	0	1000	3	0	0	0	0	0	0	0	0	0	0	0	0	0	0	0	0	0	0	0	0	0	0	0	1	0	0	0	0	0	0	0	2	0	0	1	0	0	2	0
103	Salamander	화염저항3	0	1	6	100	0	0	2000	4	0	0	0	0	0	0	0	0	0	0	0	0	0	0	0	0	0	0	0	0	0	0	0	4	0	0	0	0	0	0	0	4	0	0	2	0	0	4	0
104	Salamander	화염저항4	0	1	10	100	0	0	3000	4	0	0	0	0	0	0	0	0	0	0	0	0	0	0	0	0	0	0	0	0	0	0	0	7	0	0	0	0	0	0	0	6	0	0	3	0	0	6	0
105	Salamander	화염저항5	0	1	14	100	0	0	4000	4	0	0	0	0	0	0	0	0	0	0	0	0	0	0	0	0	0	0	0	0	0	0	0	10	0	0	0	0	0	0	0	8	0	0	4	0	0	8	0
106	Salamander	화염저항6	0	1	18	100	0	0	5000	4	0	0	0	0	0	0	0	0	0	0	0	0	0	0	0	0	0	0	0	0	0	0	0	13	0	0	0	0	0	0	0	10	0	0	5	0	0	10	0
107	Salamander	화염저항7	0	1	22	100	0	0	6000	4	0	0	0	0	0	0	0	0	0	0	0	0	0	0	0	0	0	0	0	0	0	0	0	16	0	0	0	0	0	0	0	12	0	0	6	0	0	12	0
108	Salamander	화염저항8	0	1	26	100	0	0	7000	4	0	0	0	0	0	0	0	0	0	0	0	0	0	0	0	0	0	0	0	0	0	0	0	19	0	0	0	0	0	0	0	14	0	0	7	0	0	14	0
109	Salamander	화염저항9	0	1	30	100	0	0	8000	4	0	0	0	0	0	0	0	0	0	0	0	0	0	0	0	0	0	0	0	0	0	0	0	22	0	0	0	0	0	0	0	16	0	0	8	0	0	16	0
110	Unique	??	0	4	30	100	0	0	9000	4	0	0	0	0	0	0	0	0	0	0	0	0	0	0	0	0	0	0	0	0	0	0	0	22	0	0	0	0	0	0	0	16	0	0	8	0	0	16	0
111	Discharge	전격저항1	0	1	0	100	0	0	0	2	0	0	0	0	0	0	0	0	0	0	0	0	0	0	0	0	0	0	0	0	0	0	0	0	0	1	0	0	0	0	0	0	0	0	0	0	0	0	0
112	Discharge	전격저항2	0	1	2	100	0	0	1000	3	0	0	0	0	0	0	0	0	0	0	0	0	0	0	0	0	0	0	0	0	0	0	0	0	0	1	0	0	0	0	0	2	0	0	1	0	0	2	0
113	Discharge	전격저항3	0	1	6	100	0	0	2000	4	0	0	0	0	0	0	0	0	0	0	0	0	0	0	0	0	0	0	0	0	0	0	0	0	0	4	0	0	0	0	0	4	0	0	2	0	0	4	0
114	Discharge	전격저항4	0	1	10	100	0	0	3000	4	0	0	0	0	0	0	0	0	0	0	0	0	0	0	0	0	0	0	0	0	0	0	0	0	0	7	0	0	0	0	0	6	0	0	3	0	0	6	0
115	Discharge	전격저항5	0	1	14	100	0	0	4000	4	0	0	0	0	0	0	0	0	0	0	0	0	0	0	0	0	0	0	0	0	0	0	0	0	0	10	0	0	0	0	0	8	0	0	4	0	0	8	0
116	Discharge	전격저항6	0	1	18	100	0	0	5000	4	0	0	0	0	0	0	0	0	0	0	0	0	0	0	0	0	0	0	0	0	0	0	0	0	0	13	0	0	0	0	0	10	0	0	5	0	0	10	0
117	Discharge	전격저항7	0	1	22	100	0	0	6000	4	0	0	0	0	0	0	0	0	0	0	0	0	0	0	0	0	0	0	0	0	0	0	0	0	0	16	0	0	0	0	0	12	0	0	6	0	0	12	0
118	Discharge	전격저항8	0	1	26	100	0	0	7000	4	0	0	0	0	0	0	0	0	0	0	0	0	0	0	0	0	0	0	0	0	0	0	0	0	0	19	0	0	0	0	0	14	0	0	7	0	0	14	0
119	Discharge	전격저항9	0	1	30	100	0	0	8000	4	0	0	0	0	0	0	0	0	0	0	0	0	0	0	0	0	0	0	0	0	0	0	0	0	0	22	0	0	0	0	0	16	0	0	8	0	0	16	0
120	Unique	??	0	4	30	100	0	0	9000	4	0	0	0	0	0	0	0	0	0	0	0	0	0	0	0	0	0	0	0	0	0	0	0	0	0	22	0	0	0	0	0	16	0	0	8	0	0	16	0
121	Soul	마법저항1	0	1	0	100	0	0	0	2	0	0	0	0	0	0	0	0	0	0	0	0	0	0	0	0	0	0	0	0	0	0	0	0	0	0	1	0	0	0	0	0	0	0	0	0	0	0	0
122	Soul	마법저항2	0	1	2	100	0	0	1000	3	0	0	0	0	0	0	0	0	0	0	0	0	0	0	0	0	0	0	0	0	0	0	0	0	0	0	1	0	0	0	0	2	0	0	1	0	0	2	0
123	Soul	마법저항3	0	1	6	100	0	0	2000	4	0	0	0	0	0	0	0	0	0	0	0	0	0	0	0	0	0	0	0	0	0	0	0	0	0	0	4	0	0	0	0	4	0	0	2	0	0	4	0
124	Soul	마법저항4	0	1	10	100	0	0	3000	4	0	0	0	0	0	0	0	0	0	0	0	0	0	0	0	0	0	0	0	0	0	0	0	0	0	0	7	0	0	0	0	6	0	0	3	0	0	6	0
125	Soul	마법저항5	0	1	14	100	0	0	4000	4	0	0	0	0	0	0	0	0	0	0	0	0	0	0	0	0	0	0	0	0	0	0	0	0	0	0	10	0	0	0	0	8	0	0	4	0	0	8	0
126	Soul	마법저항6	0	1	18	100	0	0	5000	4	0	0	0	0	0	0	0	0	0	0	0	0	0	0	0	0	0	0	0	0	0	0	0	0	0	0	13	0	0	0	0	10	0	0	5	0	0	10	0
127	Soul	마법저항7	0	1	22	100	0	0	6000	4	0	0	0	0	0	0	0	0	0	0	0	0	0	0	0	0	0	0	0	0	0	0	0	0	0	0	16	0	0	0	0	12	0	0	6	0	0	12	0
128	Soul	마법저항8	0	1	26	100	0	0	7000	4	0	0	0	0	0	0	0	0	0	0	0	0	0	0	0	0	0	0	0	0	0	0	0	0	0	0	19	0	0	0	0	14	0	0	7	0	0	14	0
129	Soul	마법저항9	0	1	30	100	0	0	8000	4	0	0	0	0	0	0	0	0	0	0	0	0	0	0	0	0	0	0	0	0	0	0	0	0	0	0	22	0	0	0	0	16	0	0	8	0	0	16	0
130	Unique	??	0	4	30	100	0	0	9000	4	0	0	0	0	0	0	0	0	0	0	0	0	0	0	0	0	0	0	0	0	0	0	0	0	0	0	22	0	0	0	0	16	0	0	8	0	0	16	0
131	Blood	독저항1	0	1	0	100	0	0	0	2	0	0	0	0	0	0	0	0	0	0	0	0	0	0	0	0	0	0	0	0	0	0	0	0	0	0	0	1	0	0	0	0	0	0	0	0	0	0	0
132	Blood	독저항2	0	1	2	100	0	0	1000	3	0	0	0	0	0	0	0	0	0	0	0	0	0	0	0	0	0	0	0	0	0	0	0	0	0	0	0	1	0	0	0	2	0	0	1	0	0	2	0
133	Blood	독저항3	0	1	6	100	0	0	2000	4	0	0	0	0	0	0	0	0	0	0	0	0	0	0	0	0	0	0	0	0	0	0	0	0	0	0	0	4	0	0	0	4	0	0	2	0	0	4	0
134	Blood	독저항4	0	1	10	100	0	0	3000	4	0	0	0	0	0	0	0	0	0	0	0	0	0	0	0	0	0	0	0	0	0	0	0	0	0	0	0	7	0	0	0	6	0	0	3	0	0	6	0
135	Blood	독저항5	0	1	14	100	0	0	4000	4	0	0	0	0	0	0	0	0	0	0	0	0	0	0	0	0	0	0	0	0	0	0	0	0	0	0	0	10	0	0	0	8	0	0	4	0	0	8	0
136	Blood	독저항6	0	1	18	100	0	0	5000	4	0	0	0	0	0	0	0	0	0	0	0	0	0	0	0	0	0	0	0	0	0	0	0	0	0	0	0	13	0	0	0	10	0	0	5	0	0	10	0
137	Blood	독저항7	0	1	22	100	0	0	6000	4	0	0	0	0	0	0	0	0	0	0	0	0	0	0	0	0	0	0	0	0	0	0	0	0	0	0	0	16	0	0	0	12	0	0	6	0	0	12	0
138	Blood	독저항8	0	1	26	100	0	0	7000	4	0	0	0	0	0	0	0	0	0	0	0	0	0	0	0	0	0	0	0	0	0	0	0	0	0	0	0	19	0	0	0	14	0	0	7	0	0	14	0
139	Blood	독저항9	0	1	30	100	0	0	8000	4	0	0	0	0	0	0	0	0	0	0	0	0	0	0	0	0	0	0	0	0	0	0	0	0	0	0	0	22	0	0	0	16	0	0	8	0	0	16	0
140	Unique	??	0	4	30	100	0	0	9000	4	0	0	0	0	0	0	0	0	0	0	0	0	0	0	0	0	0	0	0	0	0	0	0	0	0	0	0	22	0	0	0	16	0	0	8	0	0	16	0
141	Holy	저주저항1	0	1	0	100	0	0	0	2	0	0	0	0	0	0	0	0	0	0	0	0	0	0	0	0	0	0	0	0	0	0	0	0	0	0	0	0	1	0	0	0	0	0	0	0	0	0	0
142	Holy	저주저항2	0	1	2	100	0	0	1000	3	0	0	0	0	0	0	0	0	0	0	0	0	0	0	0	0	0	0	0	0	0	0	0	0	0	0	0	0	1	0	0	2	0	0	1	0	0	2	0
143	Holy	저주저항3	0	1	6	100	0	0	2000	4	0	0	0	0	0	0	0	0	0	0	0	0	0	0	0	0	0	0	0	0	0	0	0	0	0	0	0	0	4	0	0	4	0	0	2	0	0	4	0
144	Holy	저주저항4	0	1	10	100	0	0	3000	4	0	0	0	0	0	0	0	0	0	0	0	0	0	0	0	0	0	0	0	0	0	0	0	0	0	0	0	0	7	0	0	6	0	0	3	0	0	6	0
145	Holy	저주저항5	0	1	14	100	0	0	4000	4	0	0	0	0	0	0	0	0	0	0	0	0	0	0	0	0	0	0	0	0	0	0	0	0	0	0	0	0	10	0	0	8	0	0	4	0	0	8	0
146	Holy	저주저항6	0	1	18	100	0	0	5000	4	0	0	0	0	0	0	0	0	0	0	0	0	0	0	0	0	0	0	0	0	0	0	0	0	0	0	0	0	13	0	0	10	0	0	5	0	0	10	0
147	Holy	저주저항7	0	1	22	100	0	0	6000	4	0	0	0	0	0	0	0	0	0	0	0	0	0	0	0	0	0	0	0	0	0	0	0	0	0	0	0	0	16	0	0	12	0	0	6	0	0	12	0
148	Holy	저주저항8	0	1	26	100	0	0	7000	4	0	0	0	0	0	0	0	0	0	0	0	0	0	0	0	0	0	0	0	0	0	0	0	0	0	0	0	0	19	0	0	14	0	0	7	0	0	14	0
149	Holy	저주저항9	0	1	30	100	0	0	8000	4	0	0	0	0	0	0	0	0	0	0	0	0	0	0	0	0	0	0	0	0	0	0	0	0	0	0	0	0	22	0	0	16	0	0	8	0	0	16	0
150	Unique	??	0	4	30	100	0	0	9000	4	0	0	0	0	0	0	0	0	0	0	0	0	0	0	0	0	0	0	0	0	0	0	0	0	0	0	0	0	22	0	0	16	0	0	8	0	0	16	0
151	Blast	레벨제한감소1	0	1	0	100	0	0	0	2	0	0	0	0	0	0	0	0	0	0	0	0	0	0	0	0	0	0	0	0	0	0	0	0	0	0	0	0	0	0	0	-16	0	0	0	0	0	0	0
152	Blast	레벨제한감소2	0	1	2	100	0	0	1000	3	0	0	0	0	0	0	0	0	0	0	0	0	0	0	0	0	0	0	0	0	0	0	0	0	0	0	0	0	0	0	0	-14	0	0	1	0	0	2	0
153	Blast	레벨제한감소3	0	1	6	100	0	0	2000	4	0	0	0	0	0	0	0	0	0	0	0	0	0	0	0	0	0	0	0	0	0	0	0	0	0	0	0	0	0	0	0	-12	0	0	2	0	0	4	0
154	Blast	레벨제한감소4	0	1	10	100	0	0	3000	4	0	0	0	0	0	0	0	0	0	0	0	0	0	0	0	0	0	0	0	0	0	0	0	0	0	0	0	0	0	0	0	-10	0	0	3	0	0	6	0
155	Blast	레벨제한감소5	0	1	14	100	0	0	4000	4	0	0	0	0	0	0	0	0	0	0	0	0	0	0	0	0	0	0	0	0	0	0	0	0	0	0	0	0	0	0	0	-8	0	0	4	0	0	8	0
156	Blast	레벨제한감소6	0	1	18	100	0	0	5000	4	0	0	0	0	0	0	0	0	0	0	0	0	0	0	0	0	0	0	0	0	0	0	0	0	0	0	0	0	0	0	0	-6	0	0	5	0	0	10	0
157	Blast	레벨제한감소7	0	1	22	100	0	0	6000	4	0	0	0	0	0	0	0	0	0	0	0	0	0	0	0	0	0	0	0	0	0	0	0	0	0	0	0	0	0	0	0	-4	0	0	6	0	0	12	0
158	Blast	레벨제한감소8	0	1	26	100	0	0	7000	4	0	0	0	0	0	0	0	0	0	0	0	0	0	0	0	0	0	0	0	0	0	0	0	0	0	0	0	0	0	0	0	-2	0	0	7	0	0	14	0
159	Blast	레벨제한감소9	0	1	30	100	0	0	8000	4	0	0	0	0	0	0	0	0	0	0	0	0	0	0	0	0	0	0	0	0	0	0	0	0	0	0	0	0	0	0	0	0	0	0	8	0	0	16	0
160	Unique	??	0	4	30	100	0	0	9000	4	0	0	0	0	0	0	0	0	0	0	0	0	0	0	0	0	0	0	0	0	0	0	0	0	0	0	0	0	0	0	0	0	0	0	8	0	0	16	0
161	Burning	불속성1	0	2	0	100	0	0	0	2	0	0	0	0	0	0	0	8	0	0	0	0	0	0	0	0	0	0	0	0	0	0	0	0	0	0	0	0	0	0	0	0	0	0	0	0	0	0	0
162	Burning	불속성2	0	2	2	100	0	0	1000	3	0	0	0	0	0	0	0	16	0	0	0	0	0	0	0	0	0	0	0	0	0	0	0	0	0	0	0	0	0	0	0	2	0	0	1	0	0	2	0
163	Burning	불속성3	0	2	6	100	0	0	2000	4	0	0	0	0	0	0	0	24	0	0	0	0	0	0	0	0	0	0	0	0	0	0	0	0	0	0	0	0	0	0	0	4	0	0	2	0	0	4	0
164	Burning	불속성4	0	2	10	100	0	0	3000	4	0	0	0	0	0	0	0	32	0	0	0	0	0	0	0	0	0	0	0	0	0	0	0	0	0	0	0	0	0	0	0	6	0	0	3	0	0	6	0
165	Burning	불속성5	0	2	14	100	0	0	4000	4	0	0	0	0	0	0	0	40	0	0	0	0	0	0	0	0	0	0	0	0	0	0	0	0	0	0	0	0	0	0	0	8	0	0	4	0	0	8	0
166	Burning	불속성6	0	2	18	100	0	0	5000	4	0	0	0	0	0	0	0	48	0	0	0	0	0	0	0	0	0	0	0	0	0	0	0	0	0	0	0	0	0	0	0	10	0	0	5	0	0	10	0
167	Burning	불속성7	0	2	22	100	0	0	6000	4	0	0	0	0	0	0	0	56	0	0	0	0	0	0	0	0	0	0	0	0	0	0	0	0	0	0	0	0	0	0	0	12	0	0	6	0	0	12	0
168	Burning	불속성8	0	2	26	100	0	0	7000	4	0	0	0	0	0	0	0	64	0	0	0	0	0	0	0	0	0	0	0	0	0	0	0	0	0	0	0	0	0	0	0	14	0	0	7	0	0	14	0
169	Burning	불속성9	0	2	30	100	0	0	8000	4	0	0	0	0	0	0	0	72	0	0	0	0	0	0	0	0	0	0	0	0	0	0	0	0	0	0	0	0	0	0	0	16	0	0	8	0	0	16	0
170	Unique	??	0	4	30	100	0	0	9000	4	0	0	0	0	0	0	0	72	0	0	0	0	0	0	0	0	0	0	0	0	0	0	0	0	0	0	0	0	0	0	0	16	0	0	8	0	0	16	0
171	Frozen	냉기속성1	0	2	0	100	0	0	0	2	0	0	0	0	0	0	0	0	8	0	0	0	0	0	0	0	0	0	0	0	0	0	0	0	0	0	0	0	0	0	0	0	0	0	0	0	0	0	0
172	Frozen	냉기속성2	0	2	2	100	0	0	1000	3	0	0	0	0	0	0	0	0	16	0	0	0	0	0	0	0	0	0	0	0	0	0	0	0	0	0	0	0	0	0	0	2	0	0	1	0	0	2	0
173	Frozen	냉기속성3	0	2	6	100	0	0	2000	4	0	0	0	0	0	0	0	0	24	0	0	0	0	0	0	0	0	0	0	0	0	0	0	0	0	0	0	0	0	0	0	4	0	0	2	0	0	4	0
174	Frozen	냉기속성4	0	2	10	100	0	0	3000	4	0	0	0	0	0	0	0	0	32	0	0	0	0	0	0	0	0	0	0	0	0	0	0	0	0	0	0	0	0	0	0	6	0	0	3	0	0	6	0
175	Frozen	냉기속성5	0	2	14	100	0	0	4000	4	0	0	0	0	0	0	0	0	40	0	0	0	0	0	0	0	0	0	0	0	0	0	0	0	0	0	0	0	0	0	0	8	0	0	4	0	0	8	0
176	Frozen	냉기속성6	0	2	18	100	0	0	5000	4	0	0	0	0	0	0	0	0	48	0	0	0	0	0	0	0	0	0	0	0	0	0	0	0	0	0	0	0	0	0	0	10	0	0	5	0	0	10	0
177	Frozen	냉기속성7	0	2	22	100	0	0	6000	4	0	0	0	0	0	0	0	0	56	0	0	0	0	0	0	0	0	0	0	0	0	0	0	0	0	0	0	0	0	0	0	12	0	0	6	0	0	12	0
178	Frozen	냉기속성8	0	2	26	100	0	0	7000	4	0	0	0	0	0	0	0	0	64	0	0	0	0	0	0	0	0	0	0	0	0	0	0	0	0	0	0	0	0	0	0	14	0	0	7	0	0	14	0
179	Frozen	냉기속성9	0	2	30	100	0	0	8000	4	0	0	0	0	0	0	0	0	72	0	0	0	0	0	0	0	0	0	0	0	0	0	0	0	0	0	0	0	0	0	0	16	0	0	8	0	0	16	0
180	Unique	??	0	4	30	100	0	0	9000	4	0	0	0	0	0	0	0	0	72	0	0	0	0	0	0	0	0	0	0	0	0	0	0	0	0	0	0	0	0	0	0	16	0	0	8	0	0	16	0
181	Lightning	전격속성1	0	2	0	100	0	0	0	2	0	0	0	0	0	0	0	0	0	8	0	0	0	0	0	0	0	0	0	0	0	0	0	0	0	0	0	0	0	0	0	0	0	0	0	0	0	0	0
182	Lightning	전격속성2	0	2	2	100	0	0	1000	3	0	0	0	0	0	0	0	0	0	16	0	0	0	0	0	0	0	0	0	0	0	0	0	0	0	0	0	0	0	0	0	2	0	0	1	0	0	2	0
183	Lightning	전격속성3	0	2	6	100	0	0	2000	4	0	0	0	0	0	0	0	0	0	24	0	0	0	0	0	0	0	0	0	0	0	0	0	0	0	0	0	0	0	0	0	4	0	0	2	0	0	4	0
184	Lightning	전격속성4	0	2	10	100	0	0	3000	4	0	0	0	0	0	0	0	0	0	32	0	0	0	0	0	0	0	0	0	0	0	0	0	0	0	0	0	0	0	0	0	6	0	0	3	0	0	6	0
185	Lightning	전격속성5	0	2	14	100	0	0	4000	4	0	0	0	0	0	0	0	0	0	40	0	0	0	0	0	0	0	0	0	0	0	0	0	0	0	0	0	0	0	0	0	8	0	0	4	0	0	8	0
186	Lightning	전격속성6	0	2	18	100	0	0	5000	4	0	0	0	0	0	0	0	0	0	48	0	0	0	0	0	0	0	0	0	0	0	0	0	0	0	0	0	0	0	0	0	10	0	0	5	0	0	10	0
187	Lightning	전격속성7	0	2	22	100	0	0	6000	4	0	0	0	0	0	0	0	0	0	56	0	0	0	0	0	0	0	0	0	0	0	0	0	0	0	0	0	0	0	0	0	12	0	0	6	0	0	12	0
188	Lightning	전격속성8	0	2	26	100	0	0	7000	4	0	0	0	0	0	0	0	0	0	64	0	0	0	0	0	0	0	0	0	0	0	0	0	0	0	0	0	0	0	0	0	14	0	0	7	0	0	14	0
189	Lightning	전격속성9	0	2	30	100	0	0	8000	4	0	0	0	0	0	0	0	0	0	72	0	0	0	0	0	0	0	0	0	0	0	0	0	0	0	0	0	0	0	0	0	16	0	0	8	0	0	16	0
190	Unique	??	0	4	30	100	0	0	9000	4	0	0	0	0	0	0	0	0	0	72	0	0	0	0	0	0	0	0	0	0	0	0	0	0	0	0	0	0	0	0	0	16	0	0	8	0	0	16	0
191	Viper	독속성1	0	2	0	100	0	0	0	2	0	0	0	0	0	0	0	0	0	0	8	0	0	0	0	0	0	0	0	0	0	0	0	0	0	0	0	0	0	0	0	0	0	0	0	0	0	0	0
192	Viper	독속성2	0	2	2	100	0	0	1000	3	0	0	0	0	0	0	0	0	0	0	16	0	0	0	0	0	0	0	0	0	0	0	0	0	0	0	0	0	0	0	0	2	0	0	1	0	0	2	0
193	Viper	독속성3	0	2	6	100	0	0	2000	4	0	0	0	0	0	0	0	0	0	0	24	0	0	0	0	0	0	0	0	0	0	0	0	0	0	0	0	0	0	0	0	4	0	0	2	0	0	4	0
194	Viper	독속성4	0	2	10	100	0	0	3000	4	0	0	0	0	0	0	0	0	0	0	32	0	0	0	0	0	0	0	0	0	0	0	0	0	0	0	0	0	0	0	0	6	0	0	3	0	0	6	0
195	Viper	독속성5	0	2	14	100	0	0	4000	4	0	0	0	0	0	0	0	0	0	0	40	0	0	0	0	0	0	0	0	0	0	0	0	0	0	0	0	0	0	0	0	8	0	0	4	0	0	8	0
196	Viper	독속성6	0	2	18	100	0	0	5000	4	0	0	0	0	0	0	0	0	0	0	48	0	0	0	0	0	0	0	0	0	0	0	0	0	0	0	0	0	0	0	0	10	0	0	5	0	0	10	0
197	Viper	독속성7	0	2	22	100	0	0	6000	4	0	0	0	0	0	0	0	0	0	0	56	0	0	0	0	0	0	0	0	0	0	0	0	0	0	0	0	0	0	0	0	12	0	0	6	0	0	12	0
198	Viper	독속성8	0	2	26	100	0	0	7000	4	0	0	0	0	0	0	0	0	0	0	64	0	0	0	0	0	0	0	0	0	0	0	0	0	0	0	0	0	0	0	0	14	0	0	7	0	0	14	0
199	Viper	독속성9	0	2	30	100	0	0	8000	4	0	0	0	0	0	0	0	0	0	0	72	0	0	0	0	0	0	0	0	0	0	0	0	0	0	0	0	0	0	0	0	16	0	0	8	0	0	16	0
200	Unique	??	0	4	30	100	0	0	9000	4	0	0	0	0	0	0	0	0	0	0	72	0	0	0	0	0	0	0	0	0	0	0	0	0	0	0	0	0	0	0	0	16	0	0	8	0	0	16	0
201	Vampire	HP흡수1	0	2	0	100	0	0	0	2	0	0	0	0	0	0	0	0	0	0	0	10	0	0	0	0	0	0	0	0	0	0	0	0	0	0	0	0	0	0	0	0	0	0	0	0	0	0	0
202	Vampire	HP흡수2	0	2	2	100	0	0	1000	3	0	0	0	0	0	0	0	0	0	0	0	10	0	0	0	0	0	0	0	0	0	0	0	0	0	0	0	0	0	0	0	2	0	0	1	0	0	2	0
203	Vampire	HP흡수3	0	2	6	100	0	0	2000	4	0	0	0	0	0	0	0	0	0	0	0	10	0	0	0	0	0	0	0	0	0	0	0	0	0	0	0	0	0	0	0	4	0	0	2	0	0	4	0
204	Vampire	HP흡수4	0	2	10	100	0	0	3000	4	0	0	0	0	0	0	0	0	0	0	0	10	0	0	0	0	0	0	0	0	0	0	0	0	0	0	0	0	0	0	0	6	0	0	3	0	0	6	0
205	Vampire	HP흡수5	0	2	14	100	0	0	4000	4	0	0	0	0	0	0	0	0	0	0	0	10	0	0	0	0	0	0	0	0	0	0	0	0	0	0	0	0	0	0	0	8	0	0	4	0	0	8	0
206	Vampire	HP흡수6	0	2	18	100	0	0	5000	4	0	0	0	0	0	0	0	0	0	0	0	10	0	0	0	0	0	0	0	0	0	0	0	0	0	0	0	0	0	0	0	10	0	0	5	0	0	10	0
207	Vampire	HP흡수7	0	2	22	100	0	0	6000	4	0	0	0	0	0	0	0	0	0	0	0	10	0	0	0	0	0	0	0	0	0	0	0	0	0	0	0	0	0	0	0	12	0	0	6	0	0	12	0
208	Vampire	HP흡수8	0	2	26	100	0	0	7000	4	0	0	0	0	0	0	0	0	0	0	0	10	0	0	0	0	0	0	0	0	0	0	0	0	0	0	0	0	0	0	0	14	0	0	7	0	0	14	0
209	Vampire	HP흡수9	0	2	30	100	0	0	8000	4	0	0	0	0	0	0	0	0	0	0	0	10	0	0	0	0	0	0	0	0	0	0	0	0	0	0	0	0	0	0	0	16	0	0	8	0	0	16	0
210	Unique	??	0	4	30	100	0	0	9000	4	0	0	0	0	0	0	0	0	0	0	0	10	0	0	0	0	0	0	0	0	0	0	0	0	0	0	0	0	0	0	0	16	0	0	8	0	0	16	0
211	Enchant	마나흡수1	0	2	0	100	0	0	0	2	0	0	0	0	0	0	0	0	0	0	0	0	0	10	0	0	0	0	0	0	0	0	0	0	0	0	0	0	0	0	0	0	0	0	0	0	0	0	0
212	Enchant	마나흡수2	0	2	2	100	0	0	1000	3	0	0	0	0	0	0	0	0	0	0	0	0	0	10	0	0	0	0	0	0	0	0	0	0	0	0	0	0	0	0	0	2	0	0	1	0	0	2	0
213	Enchant	마나흡수3	0	2	6	100	0	0	2000	4	0	0	0	0	0	0	0	0	0	0	0	0	0	10	0	0	0	0	0	0	0	0	0	0	0	0	0	0	0	0	0	4	0	0	2	0	0	4	0
214	Enchant	마나흡수4	0	2	10	100	0	0	3000	4	0	0	0	0	0	0	0	0	0	0	0	0	0	10	0	0	0	0	0	0	0	0	0	0	0	0	0	0	0	0	0	6	0	0	3	0	0	6	0
215	Enchant	마나흡수5	0	2	14	100	0	0	4000	4	0	0	0	0	0	0	0	0	0	0	0	0	0	10	0	0	0	0	0	0	0	0	0	0	0	0	0	0	0	0	0	8	0	0	4	0	0	8	0
216	Enchant	마나흡수6	0	2	18	100	0	0	5000	4	0	0	0	0	0	0	0	0	0	0	0	0	0	10	0	0	0	0	0	0	0	0	0	0	0	0	0	0	0	0	0	10	0	0	5	0	0	10	0
217	Enchant	마나흡수7	0	2	22	100	0	0	6000	4	0	0	0	0	0	0	0	0	0	0	0	0	0	10	0	0	0	0	0	0	0	0	0	0	0	0	0	0	0	0	0	12	0	0	6	0	0	12	0
218	Enchant	마나흡수8	0	2	26	100	0	0	7000	4	0	0	0	0	0	0	0	0	0	0	0	0	0	10	0	0	0	0	0	0	0	0	0	0	0	0	0	0	0	0	0	14	0	0	7	0	0	14	0
219	Enchant	마나흡수9	0	2	30	100	0	0	8000	4	0	0	0	0	0	0	0	0	0	0	0	0	0	10	0	0	0	0	0	0	0	0	0	0	0	0	0	0	0	0	0	16	0	0	8	0	0	16	0
220	Unique	??	0	4	30	100	0	0	9000	4	0	0	0	0	0	0	0	0	0	0	0	0	0	10	0	0	0	0	0	0	0	0	0	0	0	0	0	0	0	0	0	16	0	0	8	0	0	16	0
221		몹드롭기타1	0	2	0	100	0	0	0	2	0	0	0	0	0	0	0	0	0	0	0	0	0	0	0	0	0	0	0	0	0	0	0	0	0	0	0	0	0	0	0	0	0	0	0	0	0	0	0
222		몹드롭기타2	0	2	2	100	0	0	1000	3	0	0	0	0	0	0	0	0	0	0	0	0	0	0	0	0	0	0	0	0	0	0	0	0	0	0	0	0	0	0	0	2	0	0	1	0	0	2	0
223		몹드롭기타3	0	2	6	100	0	0	2000	4	0	0	0	0	0	0	0	0	0	0	0	0	0	0	0	0	0	0	0	0	0	0	0	0	0	0	0	0	0	0	0	4	0	0	2	0	0	4	0
224		몹드롭기타4	0	2	10	100	0	0	3000	4	0	0	0	0	0	0	0	0	0	0	0	0	0	0	0	0	0	0	0	0	0	0	0	0	0	0	0	0	0	0	0	6	0	0	3	0	0	6	0
225		몹드롭기타5	0	2	14	100	0	0	4000	4	0	0	0	0	0	0	0	0	0	0	0	0	0	0	0	0	0	0	0	0	0	0	0	0	0	0	0	0	0	0	0	8	0	0	4	0	0	8	0
226		몹드롭기타6	0	2	18	100	0	0	5000	4	0	0	0	0	0	0	0	0	0	0	0	0	0	0	0	0	0	0	0	0	0	0	0	0	0	0	0	0	0	0	0	10	0	0	5	0	0	10	0
227		몹드롭기타7	0	2	22	100	0	0	6000	4	0	0	0	0	0	0	0	0	0	0	0	0	0	0	0	0	0	0	0	0	0	0	0	0	0	0	0	0	0	0	0	12	0	0	6	0	0	12	0
228		몹드롭기타8	0	2	26	100	0	0	7000	4	0	0	0	0	0	0	0	0	0	0	0	0	0	0	0	0	0	0	0	0	0	0	0	0	0	0	0	0	0	0	0	14	0	0	7	0	0	14	0
229		몹드롭기타9	0	2	30	100	0	0	8000	4	0	0	0	0	0	0	0	0	0	0	0	0	0	0	0	0	0	0	0	0	0	0	0	0	0	0	0	0	0	0	0	16	0	0	8	0	0	16	0
230	Unique	??	0	4	30	100	0	0	9000	4	0	0	0	0	0	0	0	0	0	0	0	0	0	0	0	0	0	0	0	0	0	0	0	0	0	0	0	0	0	0	0	16	0	0	8	0	0	16	0
231		몹드롭기타1	0	2	0	100	0	0	0	2	0	0	0	0	0	0	0	0	0	0	0	0	0	0	0	0	0	0	0	0	0	0	0	0	0	0	0	0	0	0	0	0	0	0	0	0	0	0	0
232		몹드롭기타2	0	2	2	100	0	0	1000	3	0	0	0	0	0	0	0	0	0	0	0	0	0	0	0	0	0	0	0	0	0	0	0	0	0	0	0	0	0	0	0	2	0	0	1	0	0	2	0
233		몹드롭기타3	0	2	6	100	0	0	2000	4	0	0	0	0	0	0	0	0	0	0	0	0	0	0	0	0	0	0	0	0	0	0	0	0	0	0	0	0	0	0	0	4	0	0	2	0	0	4	0
234		몹드롭기타4	0	2	10	100	0	0	3000	4	0	0	0	0	0	0	0	0	0	0	0	0	0	0	0	0	0	0	0	0	0	0	0	0	0	0	0	0	0	0	0	6	0	0	3	0	0	6	0
235		몹드롭기타5	0	2	14	100	0	0	4000	4	0	0	0	0	0	0	0	0	0	0	0	0	0	0	0	0	0	0	0	0	0	0	0	0	0	0	0	0	0	0	0	8	0	0	4	0	0	8	0
236		몹드롭기타6	0	2	18	100	0	0	5000	4	0	0	0	0	0	0	0	0	0	0	0	0	0	0	0	0	0	0	0	0	0	0	0	0	0	0	0	0	0	0	0	10	0	0	5	0	0	10	0
237		몹드롭기타7	0	2	22	100	0	0	6000	4	0	0	0	0	0	0	0	0	0	0	0	0	0	0	0	0	0	0	0	0	0	0	0	0	0	0	0	0	0	0	0	12	0	0	6	0	0	12	0
238		몹드롭기타8	0	2	26	100	0	0	7000	4	0	0	0	0	0	0	0	0	0	0	0	0	0	0	0	0	0	0	0	0	0	0	0	0	0	0	0	0	0	0	0	14	0	0	7	0	0	14	0
239		몹드롭기타9	0	2	30	100	0	0	8000	4	0	0	0	0	0	0	0	0	0	0	0	0	0	0	0	0	0	0	0	0	0	0	0	0	0	0	0	0	0	0	0	16	0	0	8	0	0	16	0
240	Unique	??	0	4	30	100	0	0	9000	4	0	0	0	0	0	0	0	0	0	0	0	0	0	0	0	0	0	0	0	0	0	0	0	0	0	0	0	0	0	0	0	16	0	0	8	0	0	16	0
241		몹드롭기타1	0	2	0	100	0	0	0	2	0	0	0	0	0	0	0	0	0	0	0	0	0	0	0	0	0	0	0	0	0	0	0	0	0	0	0	0	0	0	0	0	0	0	0	0	0	0	0
242		몹드롭기타2	0	2	2	100	0	0	1000	3	0	0	0	0	0	0	0	0	0	0	0	0	0	0	0	0	0	0	0	0	0	0	0	0	0	0	0	0	0	0	0	2	0	0	1	0	0	2	0
243		몹드롭기타3	0	2	6	100	0	0	2000	4	0	0	0	0	0	0	0	0	0	0	0	0	0	0	0	0	0	0	0	0	0	0	0	0	0	0	0	0	0	0	0	4	0	0	2	0	0	4	0
244		몹드롭기타4	0	2	10	100	0	0	3000	4	0	0	0	0	0	0	0	0	0	0	0	0	0	0	0	0	0	0	0	0	0	0	0	0	0	0	0	0	0	0	0	6	0	0	3	0	0	6	0
245		몹드롭기타5	0	2	14	100	0	0	4000	4	0	0	0	0	0	0	0	0	0	0	0	0	0	0	0	0	0	0	0	0	0	0	0	0	0	0	0	0	0	0	0	8	0	0	4	0	0	8	0
246		몹드롭기타6	0	2	18	100	0	0	5000	4	0	0	0	0	0	0	0	0	0	0	0	0	0	0	0	0	0	0	0	0	0	0	0	0	0	0	0	0	0	0	0	10	0	0	5	0	0	10	0
247		몹드롭기타7	0	2	22	100	0	0	6000	4	0	0	0	0	0	0	0	0	0	0	0	0	0	0	0	0	0	0	0	0	0	0	0	0	0	0	0	0	0	0	0	12	0	0	6	0	0	12	0
248		몹드롭기타8	0	2	26	100	0	0	7000	4	0	0	0	0	0	0	0	0	0	0	0	0	0	0	0	0	0	0	0	0	0	0	0	0	0	0	0	0	0	0	0	14	0	0	7	0	0	14	0
249		몹드롭기타9	0	2	30	100	0	0	8000	4	0	0	0	0	0	0	0	0	0	0	0	0	0	0	0	0	0	0	0	0	0	0	0	0	0	0	0	0	0	0	0	16	0	0	8	0	0	16	0
250	Unique	??	0	4	30	100	0	0	9000	4	0	0	0	0	0	0	0	0	0	0	0	0	0	0	0	0	0	0	0	0	0	0	0	0	0	0	0	0	0	0	0	16	0	0	8	0	0	16	0
251	Lobo hammer	몹드롭기타7	0	4	22	100	0	0	6000	4	0	0	0	0	0	0	0	0	0	0	0	0	0	30	0	0	0	0	12	0	10	80	0	0	0	20	0	0	0	0	0	12	0	0	6	0	0	18	0
252	Lupus hammer	몹드롭기타8	0	4	26	100	0	0	7000	4	0	0	0	0	0	0	0	0	0	0	0	0	0	30	0	0	0	0	0	12	0	0	80	0	20	0	0	0	0	0	0	14	0	0	7	0	0	18	0
253	Lycaon hammer	몹드롭기타9	0	4	45	100	0	0	8000	4	0	0	0	0	0	0	0	0	0	0	0	0	0	30	0	0	12	0	0	0	0	0	0	20	20	20	0	0	0	0	0	16	0	0	8	0	0	18	0
255	Skull hammer	본 콜렉터	0	4	50	100	0	0	8000	1	0	0	0	0	0	0	0	0	30	0	0	0	0	0	0	0	0	0	0	0	0	0	0	0	0	0	0	0	0	0	0	7	0	0	0	0	0	15	0
256	Dragon tooth hammer	드래곤 투스	0	4	50	100	0	0	8000	1	0	0	0	0	0	0	0	0	0	30	0	0	0	0	0	0	0	0	0	0	0	0	0	0	30	0	0	0	0	0	0	7	0	0	0	0	0	15	0
271	Lobo hammer(+1)	업글 로보	0	4	22	100	0	0	6000	4	0	0	0	0	0	0	0	0	0	0	0	0	0	30	0	0	0	0	12	0	10	80	0	0	0	20	0	0	0	0	0	12	0	0	6	0	0	18	0
272	Lobo hammer(+2)	업글 로보	0	4	26	100	0	0	6000	4	0	0	0	0	0	0	0	0	0	0	0	0	0	40	0	0	0	0	13	0	11	95	0	0	0	25	0	0	0	0	0	13	0	0	7	0	0	20	0
273	Lobo hammer(+3)	업글 로보	0	4	30	100	0	0	6000	4	0	0	0	0	0	0	0	0	0	0	0	0	0	50	0	0	0	0	14	0	12	110	0	0	0	30	0	0	0	0	0	14	0	0	8	0	0	22	0
274	Lobo hammer(+4)	업글 로보	0	4	34	100	0	0	6000	4	0	0	0	0	0	0	0	0	0	0	0	0	0	60	0	0	0	0	15	0	13	125	0	0	0	35	0	0	0	0	0	15	0	0	9	0	0	24	0
275	Lobo hammer(+5)	업글 로보	0	4	38	100	0	0	6000	4	0	0	0	0	0	0	0	0	0	0	0	0	0	70	0	0	0	0	16	0	14	140	0	0	0	40	0	0	0	0	0	16	0	0	10	0	0	26	0
276	Lobo hammer(+6)	업글 로보	0	4	42	100	0	0	6000	4	0	0	0	0	0	0	0	0	0	0	0	0	0	80	0	0	0	0	17	0	15	155	0	0	0	45	0	0	0	0	0	17	0	0	11	0	0	28	0
277	Lobo hammer(+7)	업글 로보	0	4	48	100	0	0	6000	4	0	0	0	0	0	0	0	0	0	0	0	0	0	90	0	0	0	0	18	0	16	170	0	0	0	50	0	0	0	0	0	18	0	0	12	0	0	30	0
278	Lobo hammer(+8)	업글 로보	0	4	57	100	0	0	6000	4	0	0	0	0	0	0	0	0	0	0	0	0	0	100	0	0	0	0	19	0	17	185	0	0	0	55	0	0	0	0	0	19	0	0	13	0	0	32	0
279	Lobo hammer(+9)	업글 로보	0	4	70	100	0	0	6000	4	0	0	0	0	0	0	0	0	0	0	0	0	0	110	0	0	0	0	20	0	18	200	0	0	0	60	0	0	0	0	0	20	0	0	14	0	0	34	0
280	Lobo hammer(+10)	업글 로보	0	4	90	100	0	0	6000	4	0	0	0	0	0	0	0	0	0	0	0	0	0	120	0	0	0	0	21	0	19	215	0	0	0	65	0	0	0	0	0	21	0	0	15	0	0	36	0
281	Lupus hammer(+1)	업글 러퍼스	0	4	26	100	0	0	7000	4	0	0	0	0	0	0	0	0	0	0	0	0	0	30	0	0	0	0	0	12	0	0	80	0	20	0	0	0	0	0	0	14	0	0	7	0	0	18	0
282	Lupus hammer(+2)	업글 러퍼스	0	4	30	100	0	0	7000	4	0	0	0	0	0	0	0	0	0	0	0	0	0	40	0	0	0	0	0	13	0	0	95	0	25	0	0	0	0	0	0	15	0	0	8	0	0	20	0
283	Lupus hammer(+3)	업글 러퍼스	0	4	34	100	0	0	7000	4	0	0	0	0	0	0	0	0	0	0	0	0	0	50	0	0	0	0	0	14	0	0	110	0	30	0	0	0	0	0	0	16	0	0	9	0	0	22	0
284	Lupus hammer(+4)	업글 러퍼스	0	4	38	100	0	0	7000	4	0	0	0	0	0	0	0	0	0	0	0	0	0	60	0	0	0	0	0	15	0	0	125	0	35	0	0	0	0	0	0	17	0	0	10	0	0	24	0
285	Lupus hammer(+5)	업글 러퍼스	0	4	42	100	0	0	7000	4	0	0	0	0	0	0	0	0	0	0	0	0	0	70	0	0	0	0	0	16	0	0	140	0	40	0	0	0	0	0	0	18	0	0	11	0	0	26	0
286	Lupus hammer(+6)	업글 러퍼스	0	4	46	100	0	0	7000	4	0	0	0	0	0	0	0	0	0	0	0	0	0	80	0	0	0	0	0	17	0	0	155	0	45	0	0	0	0	0	0	19	0	0	12	0	0	28	0
287	Lupus hammer(+7)	업글 러퍼스	0	4	52	100	0	0	7000	4	0	0	0	0	0	0	0	0	0	0	0	0	0	90	0	0	0	0	0	18	0	0	170	0	50	0	0	0	0	0	0	20	0	0	13	0	0	30	0
288	Lupus hammer(+8)	업글 러퍼스	0	4	61	100	0	0	7000	4	0	0	0	0	0	0	0	0	0	0	0	0	0	100	0	0	0	0	0	19	0	0	185	0	55	0	0	0	0	0	0	21	0	0	14	0	0	32	0
289	Lupus hammer(+9)	업글 러퍼스	0	4	74	100	0	0	7000	4	0	0	0	0	0	0	0	0	0	0	0	0	0	110	0	0	0	0	0	20	0	0	200	0	60	0	0	0	0	0	0	22	0	0	15	0	0	34	0
290	Lupus hammer(+10)	업글 러퍼스	0	4	94	100	0	0	7000	4	0	0	0	0	0	0	0	0	0	0	0	0	0	120	0	0	0	0	0	21	0	0	215	0	65	0	0	0	0	0	0	23	0	0	16	0	0	36	0
291	Lycaon hammer(+1)	업글 리카온	0	4	45	100	0	0	8000	4	0	0	0	0	0	0	0	0	0	0	0	0	0	30	0	0	12	0	0	0	0	0	0	20	20	20	0	0	0	0	0	16	0	0	8	0	0	18	0
292	Lycaon hammer(+2)	업글 리카온	0	4	49	100	0	0	8000	4	0	0	0	0	0	0	0	0	0	0	0	0	0	40	0	0	13	0	0	0	0	0	0	25	25	25	0	0	0	0	0	17	0	0	9	0	0	20	0
293	Lycaon hammer(+3)	업글 리카온	0	4	53	100	0	0	8000	4	0	0	0	0	0	0	0	0	0	0	0	0	0	50	0	0	14	0	0	0	0	0	0	30	30	30	0	0	0	0	0	18	0	0	10	0	0	22	0
294	Lycaon hammer(+4)	업글 리카온	0	4	57	100	0	0	8000	4	0	0	0	0	0	0	0	0	0	0	0	0	0	60	0	0	15	0	0	0	0	0	0	35	35	35	0	0	0	0	0	19	0	0	11	0	0	24	0
295	Lycaon hammer(+5)	업글 리카온	0	4	61	100	0	0	8000	4	0	0	0	0	0	0	0	0	0	0	0	0	0	70	0	0	16	0	0	0	0	0	0	40	40	40	0	0	0	0	0	20	0	0	12	0	0	26	0
296	Lycaon hammer(+6)	업글 리카온	0	4	65	100	0	0	8000	4	0	0	0	0	0	0	0	0	0	0	0	0	0	80	0	0	17	0	0	0	0	0	0	45	45	45	0	0	0	0	0	21	0	0	13	0	0	28	0
297	Lycaon hammer(+7)	업글 리카온	0	4	71	100	0	0	8000	4	0	0	0	0	0	0	0	0	0	0	0	0	0	90	0	0	18	0	0	0	0	0	0	50	50	50	0	0	0	0	0	22	0	0	14	0	0	30	0
298	Lycaon hammer(+8)	업글 리카온	0	4	80	100	0	0	8000	4	0	0	0	0	0	0	0	0	0	0	0	0	0	100	0	0	19	0	0	0	0	0	0	55	55	55	0	0	0	0	0	23	0	0	15	0	0	32	0
299	Lycaon hammer(+9)	업글 리카온	0	4	93	100	0	0	8000	4	0	0	0	0	0	0	0	0	0	0	0	0	0	110	0	0	20	0	0	0	0	0	0	60	60	60	0	0	0	0	0	24	0	0	16	0	0	34	0
300	Lycaon hammer(+10)	업글 리카온	0	4	113	100	0	0	8000	4	0	0	0	0	0	0	0	0	0	0	0	0	0	120	0	0	21	0	0	0	0	0	0	65	65	65	0	0	0	0	0	25	0	0	17	0	0	36	0
301	Skull hammer(+1)	업글 해골 철퇴	0	4	50	100	0	0	8000	1	0	0	0	0	0	0	0	0	30	0	0	0	0	0	0	0	0	0	0	0	0	0	0	0	0	0	0	0	0	0	0	7	0	0	0	0	0	15	0
302	Skull hammer(+2)	업글 해골 철퇴	0	4	54	100	0	0	9000	1	0	0	0	0	0	0	0	0	40	0	0	0	0	0	0	0	0	0	0	0	0	0	0	0	0	0	0	0	0	0	0	8	0	0	0	0	0	19	0
303	Skull hammer(+3)	업글 해골 철퇴	0	4	58	100	0	0	10000	1	0	0	0	0	0	0	0	0	50	0	0	0	0	0	0	0	0	0	0	0	0	0	0	0	0	0	0	0	0	0	0	9	0	0	0	0	0	23	0
304	Skull hammer(+4)	업글 해골 철퇴	0	4	62	100	0	0	11000	1	0	0	0	0	0	0	0	0	60	0	0	0	0	0	0	0	0	0	0	0	0	0	0	0	0	0	0	0	0	0	0	10	0	0	0	0	0	27	0
305	Skull hammer(+5)	업글 해골 철퇴	0	4	66	100	0	0	12000	1	0	0	0	0	0	0	0	0	70	0	0	0	0	0	0	0	0	0	0	0	0	0	0	0	0	0	0	0	0	0	0	11	0	0	0	0	0	31	0
306	Skull hammer(+6)	업글 해골 철퇴	0	4	70	100	0	0	13000	1	0	0	0	0	0	0	0	0	80	0	0	0	0	0	0	0	0	0	0	0	0	0	0	0	0	0	0	0	0	0	0	12	0	0	0	0	0	35	0
307	Skull hammer(+7)	업글 해골 철퇴	0	4	76	100	0	0	14000	1	0	0	0	0	0	0	0	0	90	0	0	0	0	0	0	0	0	0	0	0	0	0	0	0	0	0	0	0	0	0	0	13	0	0	0	0	0	39	0
308	Skull hammer(+8)	업글 해골 철퇴	0	4	85	100	0	0	15000	1	0	0	0	0	0	0	0	0	100	0	0	0	0	0	0	0	0	0	0	0	0	0	0	0	0	0	0	0	0	0	0	14	0	0	0	0	0	43	0
309	Skull hammer(+9)	업글 해골 철퇴	0	4	98	100	0	0	16000	1	0	0	0	0	0	0	0	0	110	0	0	0	0	0	0	0	0	0	0	0	0	0	0	0	0	0	0	0	0	0	0	15	0	0	0	0	0	47	0
310	Skull hammer(+10)	업글 해골 철퇴	0	4	118	100	0	0	17000	1	0	0	0	0	0	0	0	0	120	0	0	0	0	0	0	0	0	0	0	0	0	0	0	0	0	0	0	0	0	0	0	16	0	0	0	0	0	51	0
311	Dragon tooth hammer(+1)	업글 용아 철퇴	0	4	50	100	0	0	8000	1	0	0	0	0	0	0	0	0	0	30	0	0	0	0	0	0	0	0	0	0	0	0	0	0	30	0	0	0	0	0	0	7	0	0	0	0	0	15	0
312	Dragon tooth hammer(+2)	업글 용아 철퇴	0	4	54	100	0	0	9000	1	0	0	0	0	0	0	0	0	0	40	0	0	0	0	0	0	0	0	0	0	0	0	0	0	35	0	0	0	0	0	0	8	0	0	0	0	0	19	0
313	Dragon tooth hammer(+3)	업글 용아 철퇴	0	4	58	100	0	0	10000	1	0	0	0	0	0	0	0	0	0	50	0	0	0	0	0	0	0	0	0	0	0	0	0	0	40	0	0	0	0	0	0	9	0	0	0	0	0	23	0
314	Dragon tooth hammer(+4)	업글 용아 철퇴	0	4	62	100	0	0	11000	1	0	0	0	0	0	0	0	0	0	60	0	0	0	0	0	0	0	0	0	0	0	0	0	0	45	0	0	0	0	0	0	10	0	0	0	0	0	27	0
315	Dragon tooth hammer(+5)	업글 용아 철퇴	0	4	66	100	0	0	12000	1	0	0	0	0	0	0	0	0	0	70	0	0	0	0	0	0	0	0	0	0	0	0	0	0	50	0	0	0	0	0	0	11	0	0	0	0	0	31	0
316	Dragon tooth hammer(+6)	업글 용아 철퇴	0	4	70	100	0	0	13000	1	0	0	0	0	0	0	0	0	0	80	0	0	0	0	0	0	0	0	0	0	0	0	0	0	55	0	0	0	0	0	0	12	0	0	0	0	0	35	0
317	Dragon tooth hammer(+7)	업글 용아 철퇴	0	4	76	100	0	0	14000	1	0	0	0	0	0	0	0	0	0	90	0	0	0	0	0	0	0	0	0	0	0	0	0	0	60	0	0	0	0	0	0	13	0	0	0	0	0	39	0
318	Dragon tooth hammer(+8)	업글 용아 철퇴	0	4	85	100	0	0	15000	1	0	0	0	0	0	0	0	0	0	100	0	0	0	0	0	0	0	0	0	0	0	0	0	0	65	0	0	0	0	0	0	14	0	0	0	0	0	43	0
319	Dragon tooth hammer(+9)	업글 용아 철퇴	0	4	98	100	0	0	16000	1	0	0	0	0	0	0	0	0	0	110	0	0	0	0	0	0	0	0	0	0	0	0	0	0	70	0	0	0	0	0	0	15	0	0	0	0	0	47	0
320	Dragon tooth hammer(+10)	업글 용아 철퇴	0	4	118	100	0	0	17000	1	0	0	0	0	0	0	0	0	0	120	0	0	0	0	0	0	0	0	0	0	0	0	0	0	75	0	0	0	0	0	0	16	0	0	0	0	0	51	0
992	Beginner's Weapon	초보무기	0	2	6	100	0	0	0	1	0	0	0	0	0	0	0	16	0	0	0	0	0	0	0	0	0	0	0	0	0	0	0	0	0	0	0	0	0	0	0	0	0	0	0	0	0	-1	0
