0		엘모라드	0	0	0	100	0	0	0	1	0	0	0	0	0	0	0	0	0	0	0	0	0	0	0	0	0	0	0	0	0	0	0	0	0	0	0	0	0	0	0	0	0	0	0	0	0	0	0
1	Upgrade	업그레이드기본형	0	5	0	100	0	0	0	2	0	0	0	0	0	0	0	0	0	0	0	0	0	0	0	0	0	0	0	0	0	0	0	0	0	0	0	0	0	0	0	0	0	0	0	0	0	0	0
2	Upgrade	기본업2	0	5	4	100	0	0	1000	3	0	0	0	0	0	0	0	0	0	0	0	0	0	0	0	0	0	0	0	0	0	0	0	0	0	0	0	0	0	0	0	2	0	0	0	0	4	0	0
3	Upgrade	기본업3	0	5	8	100	0	0	2000	4	0	0	0	0	0	0	0	0	0	0	0	0	0	0	0	0	0	0	0	0	0	0	0	0	0	0	0	0	0	0	0	4	0	0	0	0	8	0	0
4	Upgrade	기본업4	0	5	12	100	0	0	3000	4	0	0	0	0	0	0	0	0	0	0	0	0	0	0	0	0	0	0	0	0	0	0	0	0	0	0	0	0	0	0	0	6	0	0	0	0	12	0	0
5	Upgrade	기본업5	0	5	16	100	0	0	4000	4	0	0	0	0	0	0	0	0	0	0	0	0	0	0	0	0	0	0	0	0	0	0	0	0	0	0	0	0	0	0	0	8	0	0	0	0	16	0	0
6	Upgrade	기본업6	0	5	20	100	0	0	5000	4	0	0	0	0	0	0	0	0	0	0	0	0	0	0	0	0	0	0	0	0	0	0	0	0	0	0	0	0	0	0	0	10	0	0	0	0	20	0	0
7	Upgrade	기본업7	0	5	26	100	0	0	6000	4	0	0	0	0	0	0	0	0	0	0	0	0	0	0	0	1	0	0	0	0	0	0	0	0	0	0	0	0	0	0	0	12	0	0	0	0	24	0	0
8	Upgrade	기본업8	0	5	35	100	0	0	7000	4	0	0	0	0	0	0	0	0	0	0	0	0	0	0	0	1	0	0	0	0	0	0	0	0	0	0	0	0	0	0	0	14	0	0	0	0	28	0	0
9	Upgrade	기본업9	0	5	48	100	0	0	8000	4	0	0	0	0	0	0	0	0	0	0	0	0	0	0	0	1	0	0	0	0	0	0	0	0	0	0	0	0	0	0	0	16	0	0	0	0	32	0	0
10	Upgrade	기본업10	0	5	68	100	0	0	9000	4	0	0	0	0	0	0	0	0	0	0	0	0	0	0	0	1	0	0	0	0	0	0	0	0	0	0	0	0	0	0	0	18	0	0	0	0	36	0	0
11	Agility	민첩1	0	5	0	100	0	0	0	2	0	0	0	0	0	0	0	0	0	0	0	0	0	0	0	0	0	0	2	0	0	0	0	0	0	0	0	0	0	0	0	0	0	0	0	0	0	0	0
12	Agility	민첩2	0	5	4	100	0	0	1000	3	0	0	0	0	0	0	0	0	0	0	0	0	0	0	0	0	0	0	2	0	0	0	0	0	0	0	0	0	0	0	0	2	0	0	0	0	4	0	0
13	Agility	민첩3	0	5	8	100	0	0	2000	4	0	0	0	0	0	0	0	0	0	0	0	0	0	0	0	0	0	0	4	0	0	0	0	0	0	0	0	0	0	0	0	4	0	0	0	0	8	0	0
14	Agility	민첩4	0	5	12	100	0	0	3000	4	0	0	0	0	0	0	0	0	0	0	0	0	0	0	0	0	0	0	6	0	0	0	0	0	0	0	0	0	0	0	0	6	0	0	0	0	12	0	0
15	Agility	민첩5	0	5	16	100	0	0	4000	4	0	0	0	0	0	0	0	0	0	0	0	0	0	0	0	0	0	0	8	0	0	0	0	0	0	0	0	0	0	0	0	8	0	0	0	0	16	0	0
16	Agility	민첩6	0	5	20	100	0	0	5000	4	0	0	0	0	0	0	0	0	0	0	0	0	0	0	0	0	0	0	10	0	0	0	0	0	0	0	0	0	0	0	0	10	0	0	0	0	20	0	0
17	Agility	민첩7	0	5	26	100	0	0	6000	4	0	0	0	0	0	0	0	0	0	0	0	0	0	0	0	1	0	0	12	0	0	0	0	0	0	0	0	0	0	0	0	12	0	0	0	0	24	0	0
18	Agility	민첩8	0	5	35	100	0	0	7000	4	0	0	0	0	0	0	0	0	0	0	0	0	0	0	0	1	0	0	14	0	0	0	0	0	0	0	0	0	0	0	0	14	0	0	0	0	28	0	0
19	Agility	민첩9	0	5	48	100	0	0	8000	4	0	0	0	0	0	0	0	0	0	0	0	0	0	0	0	1	0	0	16	0	0	0	0	0	0	0	0	0	0	0	0	16	0	0	0	0	32	0	0
20	Agility	민첩10	0	5	68	100	0	0	9000	4	0	0	0	0	0	0	0	0	0	0	0	0	0	0	0	1	0	0	18	0	0	0	0	0	0	0	0	0	0	0	0	18	0	0	0	0	36	0	0
21	Soul	마법저항1	0	5	0	100	0	0	0	2	0	0	0	0	0	0	0	0	0	0	0	0	0	0	0	0	0	0	0	0	0	0	0	0	0	0	3	0	0	0	0	0	0	0	0	0	0	0	0
22	Soul	마법저항2	0	5	4	100	0	0	1000	3	0	0	0	0	0	0	0	0	0	0	0	0	0	0	0	0	0	0	0	0	0	0	0	0	0	0	3	0	0	0	0	2	0	0	0	0	4	0	0
23	Soul	마법저항3	0	5	8	100	0	0	2000	4	0	0	0	0	0	0	0	0	0	0	0	0	0	0	0	0	0	0	0	0	0	0	0	0	0	0	6	0	0	0	0	4	0	0	0	0	8	0	0
24	Soul	마법저항4	0	5	12	100	0	0	3000	4	0	0	0	0	0	0	0	0	0	0	0	0	0	0	0	0	0	0	0	0	0	0	0	0	0	0	9	0	0	0	0	6	0	0	0	0	12	0	0
25	Soul	마법저항5	0	5	16	100	0	0	4000	4	0	0	0	0	0	0	0	0	0	0	0	0	0	0	0	0	0	0	0	0	0	0	0	0	0	0	12	0	0	0	0	8	0	0	0	0	16	0	0
26	Soul	마법저항6	0	5	20	100	0	0	5000	4	0	0	0	0	0	0	0	0	0	0	0	0	0	0	0	0	0	0	0	0	0	0	0	0	0	0	15	0	0	0	0	10	0	0	0	0	20	0	0
27	Soul	마법저항7	0	5	26	100	0	0	6000	4	0	0	0	0	0	0	0	0	0	0	0	0	0	0	0	1	0	0	0	0	0	0	0	0	0	0	18	0	0	0	0	12	0	0	0	0	24	0	0
28	Soul	마법저항8	0	5	35	100	0	0	7000	4	0	0	0	0	0	0	0	0	0	0	0	0	0	0	0	1	0	0	0	0	0	0	0	0	0	0	21	0	0	0	0	14	0	0	0	0	28	0	0
29	Soul	마법저항9	0	5	48	100	0	0	8000	4	0	0	0	0	0	0	0	0	0	0	0	0	0	0	0	1	0	0	0	0	0	0	0	0	0	0	24	0	0	0	0	16	0	0	0	0	32	0	0
30	Soul	마법저항10	0	5	68	100	0	0	9000	4	0	0	0	0	0	0	0	0	0	0	0	0	0	0	0	1	0	0	0	0	0	0	0	0	0	0	27	0	0	0	0	18	0	0	0	0	36	0	0
31	Light	능력치제한감소1	0	5	0	100	0	0	0	2	0	0	0	0	0	0	0	0	0	0	0	0	0	0	0	0	0	0	0	0	0	0	0	0	0	0	0	0	0	0	0	0	0	0	0	0	-32	0	0
32	Light	능력치제한감소2	0	5	4	100	0	0	1000	3	0	0	0	0	0	0	0	0	0	0	0	0	0	0	0	0	0	0	0	0	0	0	0	0	0	0	0	0	0	0	0	2	0	0	0	0	-28	0	0
33	Light	능력치제한감소3	0	5	8	100	0	0	2000	4	0	0	0	0	0	0	0	0	0	0	0	0	0	0	0	0	0	0	0	0	0	0	0	0	0	0	0	0	0	0	0	4	0	0	0	0	-24	0	0
34	Light	능력치제한감소4	0	5	12	100	0	0	3000	4	0	0	0	0	0	0	0	0	0	0	0	0	0	0	0	0	0	0	0	0	0	0	0	0	0	0	0	0	0	0	0	6	0	0	0	0	-20	0	0
35	Light	능력치제한감소5	0	5	16	100	0	0	4000	4	0	0	0	0	0	0	0	0	0	0	0	0	0	0	0	0	0	0	0	0	0	0	0	0	0	0	0	0	0	0	0	8	0	0	0	0	-16	0	0
36	Light	능력치제한감소6	0	5	20	100	0	0	5000	4	0	0	0	0	0	0	0	0	0	0	0	0	0	0	0	0	0	0	0	0	0	0	0	0	0	0	0	0	0	0	0	10	0	0	0	0	-12	0	0
37	Light	능력치제한감소7	0	5	26	100	0	0	6000	4	0	0	0	0	0	0	0	0	0	0	0	0	0	0	0	1	0	0	0	0	0	0	0	0	0	0	0	0	0	0	0	12	0	0	0	0	-8	0	0
38	Light	능력치제한감소8	0	5	35	100	0	0	7000	4	0	0	0	0	0	0	0	0	0	0	0	0	0	0	0	1	0	0	0	0	0	0	0	0	0	0	0	0	0	0	0	14	0	0	0	0	-4	0	0
39	Light	능력치제한감소9	0	5	48	100	0	0	8000	4	0	0	0	0	0	0	0	0	0	0	0	0	0	0	0	1	0	0	0	0	0	0	0	0	0	0	0	0	0	0	0	16	0	0	0	0	-4	0	0
40	Light	능력치제한감소10	0	5	68	100	0	0	9000	4	0	0	0	0	0	0	0	0	0	0	0	0	0	0	0	1	0	0	0	0	0	0	0	0	0	0	0	0	0	0	0	18	0	0	0	0	-4	0	0
41	Viper	독속성1	0	5	0	100	0	0	0	2	0	0	0	0	0	0	0	0	0	0	10	0	0	0	0	0	0	0	0	0	0	0	0	0	0	0	0	0	0	0	0	0	0	0	0	0	0	0	0
42	Viper	독속성2	0	5	4	100	0	0	1000	3	0	0	0	0	0	0	0	0	0	0	20	0	0	0	0	0	0	0	0	0	0	0	0	0	0	0	0	0	0	0	0	2	0	0	0	0	4	0	0
43	Viper	독속성3	0	5	8	100	0	0	2000	4	0	0	0	0	0	0	0	0	0	0	30	0	0	0	0	0	0	0	0	0	0	0	0	0	0	0	0	0	0	0	0	4	0	0	0	0	8	0	0
44	Viper	독속성4	0	5	12	100	0	0	3000	4	0	0	0	0	0	0	0	0	0	0	40	0	0	0	0	0	0	0	0	0	0	0	0	0	0	0	0	0	0	0	0	6	0	0	0	0	12	0	0
45	Viper	독속성5	0	5	16	100	0	0	4000	4	0	0	0	0	0	0	0	0	0	0	50	0	0	0	0	0	0	0	0	0	0	0	0	0	0	0	0	0	0	0	0	8	0	0	0	0	16	0	0
46	Viper	독속성6	0	5	20	100	0	0	5000	4	0	0	0	0	0	0	0	0	0	0	60	0	0	0	0	0	0	0	0	0	0	0	0	0	0	0	0	0	0	0	0	10	0	0	0	0	20	0	0
47	Viper	독속성7	0	5	26	100	0	0	6000	4	0	0	0	0	0	0	0	0	0	0	70	0	0	0	0	1	0	0	0	0	0	0	0	0	0	0	0	0	0	0	0	12	0	0	0	0	24	0	0
48	Viper	독속성8	0	5	35	100	0	0	7000	4	0	0	0	0	0	0	0	0	0	0	80	0	0	0	0	1	0	0	0	0	0	0	0	0	0	0	0	0	0	0	0	14	0	0	0	0	28	0	0
49	Viper	독속성9	0	5	48	100	0	0	8000	4	0	0	0	0	0	0	0	0	0	0	90	0	0	0	0	1	0	0	0	0	0	0	0	0	0	0	0	0	0	0	0	16	0	0	0	0	32	0	0
50	Viper	독속성10	0	5	68	100	0	0	9000	4	0	0	0	0	0	0	0	0	0	0	100	0	0	0	0	1	0	0	0	0	0	0	0	0	0	0	0	0	0	0	0	18	0	0	0	0	36	0	0
51		몹드롭기본형	0	0	0	100	0	0	0	2	0	0	0	0	0	0	0	0	0	0	0	0	0	0	0	0	0	0	0	0	0	0	0	0	0	0	0	0	0	0	0	0	0	0	0	0	0	0	0
52		몹드롭기본2	0	0	2	100	0	0	1000	3	0	0	0	0	0	0	0	0	0	0	0	0	0	0	0	0	0	0	0	0	0	0	0	0	0	0	0	0	0	0	0	2	0	0	0	0	4	0	0
53		몹드롭기본3	0	0	6	100	0	0	2000	4	0	0	0	0	0	0	0	0	0	0	0	0	0	0	0	0	0	0	0	0	0	0	0	0	0	0	0	0	0	0	0	4	0	0	0	0	8	0	0
54		몹드롭기본4	0	0	10	100	0	0	3000	4	0	0	0	0	0	0	0	0	0	0	0	0	0	0	0	0	0	0	0	0	0	0	0	0	0	0	0	0	0	0	0	6	0	0	0	0	12	0	0
55		몹드롭기본5	0	0	14	100	0	0	4000	4	0	0	0	0	0	0	0	0	0	0	0	0	0	0	0	0	0	0	0	0	0	0	0	0	0	0	0	0	0	0	0	8	0	0	0	0	16	0	0
56		몹드롭기본6	0	0	18	100	0	0	5000	4	0	0	0	0	0	0	0	0	0	0	0	0	0	0	0	0	0	0	0	0	0	0	0	0	0	0	0	0	0	0	0	10	0	0	0	0	20	0	0
57		몹드롭기본7	0	0	22	100	0	0	6000	4	0	0	0	0	0	0	0	0	0	0	0	0	0	0	0	0	0	0	0	0	0	0	0	0	0	0	0	0	0	0	0	12	0	0	0	0	24	0	0
58		몹드롭기본8	0	0	26	100	0	0	7000	4	0	0	0	0	0	0	0	0	0	0	0	0	0	0	0	0	0	0	0	0	0	0	0	0	0	0	0	0	0	0	0	14	0	0	0	0	28	0	0
59		몹드롭기본9	0	0	30	100	0	0	8000	4	0	0	0	0	0	0	0	0	0	0	0	0	0	0	0	0	0	0	0	0	0	0	0	0	0	0	0	0	0	0	0	16	0	0	0	0	32	0	0
60	Unique	??	0	4	30	100	0	0	9000	4	0	0	0	0	0	0	0	0	0	0	0	0	0	0	0	0	0	0	0	0	0	0	0	0	0	0	0	0	0	0	0	16	0	0	0	0	32	0	0
61	Strong	몹드롭내구력1	0	1	0	100	0	0	0	2	0	0	0	0	0	0	0	0	0	0	0	0	0	0	0	0	0	0	0	0	0	0	0	0	0	0	0	0	0	0	0	0	0	0	0	0	0	0	0
62	Strong	몹드롭내구력2	0	1	2	100	0	0	1000	3	0	0	0	0	0	0	0	0	0	0	0	0	0	0	0	0	0	0	0	0	0	0	0	0	0	0	0	0	0	0	0	2	0	0	0	0	4	0	0
63	Strong	몹드롭내구력3	0	1	6	100	0	0	2000	4	0	0	0	0	0	0	0	0	0	0	0	0	0	0	0	0	0	0	0	0	0	0	0	0	0	0	0	0	0	0	0	4	0	0	0	0	8	0	0
64	Strong	몹드롭내구력4	0	1	10	100	0	0	3000	4	0	0	0	0	0	0	0	0	0	0	0	0	0	0	0	0	0	0	0	0	0	0	0	0	0	0	0	0	0	0	0	6	0	0	0	0	12	0	0
65	Strong	몹드롭내구력5	0	1	14	100	0	0	4000	4	0	0	0	0	0	0	0	0	0	0	0	0	0	0	0	0	0	0	0	0	0	0	0	0	0	0	0	0	0	0	0	8	0	0	0	0	16	0	0
66	Strong	몹드롭내구력6	0	1	18	100	0	0	5000	4	0	0	0	0	0	0	0	0	0	0	0	0	0	0	0	0	0	0	0	0	0	0	0	0	0	0	0	0	0	0	0	10	0	0	0	0	20	0	0
67	Strong	몹드롭내구력7	0	1	22	100	0	0	6000	4	0	0	0	0	0	0	0	0	0	0	0	0	0	0	0	0	0	0	0	0	0	0	0	0	0	0	0	0	0	0	0	12	0	0	0	0	24	0	0
68	Strong	몹드롭내구력8	0	1	26	100	0	0	7000	4	0	0	0	0	0	0	0	0	0	0	0	0	0	0	0	0	0	0	0	0	0	0	0	0	0	0	0	0	0	0	0	14	0	0	0	0	28	0	0
69	Strong	몹드롭내구력9	0	1	30	100	0	0	8000	4	0	0	0	0	0	0	0	0	0	0	0	0	0	0	0	0	0	0	0	0	0	0	0	0	0	0	0	0	0	0	0	16	0	0	0	0	32	0	0
70	Unique	??	0	4	30	100	0	0	9000	4	0	0	0	0	0	0	0	0	0	0	0	0	0	0	0	0	0	0	0	0	0	0	0	0	0	0	0	0	0	0	0	16	0	0	0	0	32	0	0
71	Strength	힘1	0	1	0	100	0	0	0	2	0	0	0	0	0	0	0	0	0	0	0	0	0	0	0	0	1	0	0	0	0	0	0	0	0	0	0	0	0	0	0	0	0	0	0	0	0	0	0
72	Strength	힘2	0	1	2	100	0	0	1000	3	0	0	0	0	0	0	0	0	0	0	0	0	0	0	0	0	1	0	0	0	0	0	0	0	0	0	0	0	0	0	0	2	0	0	0	0	4	0	0
73	Strength	힘3	0	1	6	100	0	0	2000	4	0	0	0	0	0	0	0	0	0	0	0	0	0	0	0	0	3	0	0	0	0	0	0	0	0	0	0	0	0	0	0	4	0	0	0	0	8	0	0
74	Strength	힘4	0	1	10	100	0	0	3000	4	0	0	0	0	0	0	0	0	0	0	0	0	0	0	0	0	5	0	0	0	0	0	0	0	0	0	0	0	0	0	0	6	0	0	0	0	12	0	0
75	Strength	힘5	0	1	14	100	0	0	4000	4	0	0	0	0	0	0	0	0	0	0	0	0	0	0	0	0	7	0	0	0	0	0	0	0	0	0	0	0	0	0	0	8	0	0	0	0	16	0	0
76	Strength	힘6	0	1	18	100	0	0	5000	4	0	0	0	0	0	0	0	0	0	0	0	0	0	0	0	0	9	0	0	0	0	0	0	0	0	0	0	0	0	0	0	10	0	0	0	0	20	0	0
77	Strength	힘7	0	1	22	100	0	0	6000	4	0	0	0	0	0	0	0	0	0	0	0	0	0	0	0	0	11	0	0	0	0	0	0	0	0	0	0	0	0	0	0	12	0	0	0	0	24	0	0
78	Strength	힘8	0	1	26	100	0	0	7000	4	0	0	0	0	0	0	0	0	0	0	0	0	0	0	0	0	13	0	0	0	0	0	0	0	0	0	0	0	0	0	0	14	0	0	0	0	28	0	0
79	Strength	힘9	0	1	30	100	0	0	8000	4	0	0	0	0	0	0	0	0	0	0	0	0	0	0	0	0	15	0	0	0	0	0	0	0	0	0	0	0	0	0	0	16	0	0	0	0	32	0	0
80	Unique	??	0	4	30	100	0	0	9000	4	0	0	0	0	0	0	0	0	0	0	0	0	0	0	0	0	15	0	0	0	0	0	0	0	0	0	0	0	0	0	0	16	0	0	0	0	32	0	0
81	Stamina	체력1	0	1	0	100	0	0	0	2	0	0	0	0	0	0	0	0	0	0	0	0	0	0	0	0	0	1	0	0	0	0	0	0	0	0	0	0	0	0	0	0	0	0	0	0	0	0	0
82	Stamina	체력2	0	1	2	100	0	0	1000	3	0	0	0	0	0	0	0	0	0	0	0	0	0	0	0	0	0	1	0	0	0	0	0	0	0	0	0	0	0	0	0	2	0	0	0	0	4	0	0
83	Stamina	체력3	0	1	6	100	0	0	2000	4	0	0	0	0	0	0	0	0	0	0	0	0	0	0	0	0	0	3	0	0	0	0	0	0	0	0	0	0	0	0	0	4	0	0	0	0	8	0	0
84	Stamina	체력4	0	1	10	100	0	0	3000	4	0	0	0	0	0	0	0	0	0	0	0	0	0	0	0	0	0	5	0	0	0	0	0	0	0	0	0	0	0	0	0	6	0	0	0	0	12	0	0
85	Stamina	체력5	0	1	14	100	0	0	4000	4	0	0	0	0	0	0	0	0	0	0	0	0	0	0	0	0	0	7	0	0	0	0	0	0	0	0	0	0	0	0	0	8	0	0	0	0	16	0	0
86	Stamina	체력6	0	1	18	100	0	0	5000	4	0	0	0	0	0	0	0	0	0	0	0	0	0	0	0	0	0	9	0	0	0	0	0	0	0	0	0	0	0	0	0	10	0	0	0	0	20	0	0
87	Stamina	체력7	0	1	22	100	0	0	6000	4	0	0	0	0	0	0	0	0	0	0	0	0	0	0	0	0	0	11	0	0	0	0	0	0	0	0	0	0	0	0	0	12	0	0	0	0	24	0	0
88	Stamina	체력8	0	1	26	100	0	0	7000	4	0	0	0	0	0	0	0	0	0	0	0	0	0	0	0	0	0	13	0	0	0	0	0	0	0	0	0	0	0	0	0	14	0	0	0	0	28	0	0
89	Stamina	체력9	0	1	30	100	0	0	8000	4	0	0	0	0	0	0	0	0	0	0	0	0	0	0	0	0	0	15	0	0	0	0	0	0	0	0	0	0	0	0	0	16	0	0	0	0	32	0	0
90	Unique	??	0	4	30	100	0	0	9000	4	0	0	0	0	0	0	0	0	0	0	0	0	0	0	0	0	0	15	0	0	0	0	0	0	0	0	0	0	0	0	0	16	0	0	0	0	32	0	0
91	Wisdom	지능1	0	1	0	100	0	0	0	2	0	0	0	0	0	0	0	0	0	0	0	0	0	0	0	0	0	0	0	1	0	0	0	0	0	0	0	0	0	0	0	0	0	0	0	0	0	0	0
92	Wisdom	지능2	0	1	2	100	0	0	1000	3	0	0	0	0	0	0	0	0	0	0	0	0	0	0	0	0	0	0	0	1	0	0	0	0	0	0	0	0	0	0	0	2	0	0	0	0	4	0	0
93	Wisdom	지능3	0	1	6	100	0	0	2000	4	0	0	0	0	0	0	0	0	0	0	0	0	0	0	0	0	0	0	0	3	0	0	0	0	0	0	0	0	0	0	0	4	0	0	0	0	8	0	0
94	Wisdom	지능4	0	1	10	100	0	0	3000	4	0	0	0	0	0	0	0	0	0	0	0	0	0	0	0	0	0	0	0	5	0	0	0	0	0	0	0	0	0	0	0	6	0	0	0	0	12	0	0
95	Wisdom	지능5	0	1	14	100	0	0	4000	4	0	0	0	0	0	0	0	0	0	0	0	0	0	0	0	0	0	0	0	7	0	0	0	0	0	0	0	0	0	0	0	8	0	0	0	0	16	0	0
96	Wisdom	지능6	0	1	18	100	0	0	5000	4	0	0	0	0	0	0	0	0	0	0	0	0	0	0	0	0	0	0	0	9	0	0	0	0	0	0	0	0	0	0	0	10	0	0	0	0	20	0	0
97	Wisdom	지능7	0	1	22	100	0	0	6000	4	0	0	0	0	0	0	0	0	0	0	0	0	0	0	0	0	0	0	0	11	0	0	0	0	0	0	0	0	0	0	0	12	0	0	0	0	24	0	0
98	Wisdom	지능8	0	1	26	100	0	0	7000	4	0	0	0	0	0	0	0	0	0	0	0	0	0	0	0	0	0	0	0	13	0	0	0	0	0	0	0	0	0	0	0	14	0	0	0	0	28	0	0
99	Wisdom	지능9	0	1	30	100	0	0	8000	4	0	0	0	0	0	0	0	0	0	0	0	0	0	0	0	0	0	0	0	15	0	0	0	0	0	0	0	0	0	0	0	16	0	0	0	0	32	0	0
100	Unique	??	0	4	30	100	0	0	9000	4	0	0	0	0	0	0	0	0	0	0	0	0	0	0	0	0	0	0	0	15	0	0	0	0	0	0	0	0	0	0	0	16	0	0	0	0	32	0	0
101		화염저항1	0	1	0	100	0	0	0	2	0	0	0	0	0	0	0	0	0	0	0	0	0	0	0	0	0	0	0	0	0	0	0	1	0	0	0	0	0	0	0	0	0	0	0	0	0	0	0
102		화염저항2	0	1	2	100	0	0	1000	3	0	0	0	0	0	0	0	0	0	0	0	0	0	0	0	0	0	0	0	0	0	0	0	1	0	0	0	0	0	0	0	2	0	0	0	0	4	0	0
103		화염저항3	0	1	6	100	0	0	2000	4	0	0	0	0	0	0	0	0	0	0	0	0	0	0	0	0	0	0	0	0	0	0	0	4	0	0	0	0	0	0	0	4	0	0	0	0	8	0	0
104		화염저항4	0	1	10	100	0	0	3000	4	0	0	0	0	0	0	0	0	0	0	0	0	0	0	0	0	0	0	0	0	0	0	0	7	0	0	0	0	0	0	0	6	0	0	0	0	12	0	0
105		화염저항5	0	1	14	100	0	0	4000	4	0	0	0	0	0	0	0	0	0	0	0	0	0	0	0	0	0	0	0	0	0	0	0	10	0	0	0	0	0	0	0	8	0	0	0	0	16	0	0
106		화염저항6	0	1	18	100	0	0	5000	4	0	0	0	0	0	0	0	0	0	0	0	0	0	0	0	0	0	0	0	0	0	0	0	13	0	0	0	0	0	0	0	10	0	0	0	0	20	0	0
107		화염저항7	0	1	22	100	0	0	6000	4	0	0	0	0	0	0	0	0	0	0	0	0	0	0	0	0	0	0	0	0	0	0	0	16	0	0	0	0	0	0	0	12	0	0	0	0	24	0	0
108		화염저항8	0	1	26	100	0	0	7000	4	0	0	0	0	0	0	0	0	0	0	0	0	0	0	0	0	0	0	0	0	0	0	0	19	0	0	0	0	0	0	0	14	0	0	0	0	28	0	0
109		화염저항9	0	1	30	100	0	0	8000	4	0	0	0	0	0	0	0	0	0	0	0	0	0	0	0	0	0	0	0	0	0	0	0	22	0	0	0	0	0	0	0	16	0	0	0	0	32	0	0
110	Unique	??	0	4	30	100	0	0	9000	4	0	0	0	0	0	0	0	0	0	0	0	0	0	0	0	0	0	0	0	0	0	0	0	22	0	0	0	0	0	0	0	16	0	0	0	0	32	0	0
111	Cobalt	냉기저항1	0	1	0	100	0	0	0	2	0	0	0	0	0	0	0	0	0	0	0	0	0	0	0	0	0	0	0	0	0	0	0	0	1	0	0	0	0	0	0	0	0	0	0	0	0	0	0
112	Cobalt	냉기저항2	0	1	2	100	0	0	1000	3	0	0	0	0	0	0	0	0	0	0	0	0	0	0	0	0	0	0	0	0	0	0	0	0	1	0	0	0	0	0	0	2	0	0	0	0	4	0	0
113	Cobalt	냉기저항3	0	1	6	100	0	0	2000	4	0	0	0	0	0	0	0	0	0	0	0	0	0	0	0	0	0	0	0	0	0	0	0	0	4	0	0	0	0	0	0	4	0	0	0	0	8	0	0
114	Cobalt	냉기저항4	0	1	10	100	0	0	3000	4	0	0	0	0	0	0	0	0	0	0	0	0	0	0	0	0	0	0	0	0	0	0	0	0	7	0	0	0	0	0	0	6	0	0	0	0	12	0	0
115	Cobalt	냉기저항5	0	1	14	100	0	0	4000	4	0	0	0	0	0	0	0	0	0	0	0	0	0	0	0	0	0	0	0	0	0	0	0	0	10	0	0	0	0	0	0	8	0	0	0	0	16	0	0
116	Cobalt	냉기저항6	0	1	18	100	0	0	5000	4	0	0	0	0	0	0	0	0	0	0	0	0	0	0	0	0	0	0	0	0	0	0	0	0	13	0	0	0	0	0	0	10	0	0	0	0	20	0	0
117	Cobalt	냉기저항7	0	1	22	100	0	0	6000	4	0	0	0	0	0	0	0	0	0	0	0	0	0	0	0	0	0	0	0	0	0	0	0	0	16	0	0	0	0	0	0	12	0	0	0	0	24	0	0
118	Cobalt	냉기저항8	0	1	26	100	0	0	7000	4	0	0	0	0	0	0	0	0	0	0	0	0	0	0	0	0	0	0	0	0	0	0	0	0	19	0	0	0	0	0	0	14	0	0	0	0	28	0	0
119	Cobalt	냉기저항9	0	1	30	100	0	0	8000	4	0	0	0	0	0	0	0	0	0	0	0	0	0	0	0	0	0	0	0	0	0	0	0	0	22	0	0	0	0	0	0	16	0	0	0	0	32	0	0
120	Unique	??	0	4	30	100	0	0	9000	4	0	0	0	0	0	0	0	0	0	0	0	0	0	0	0	0	0	0	0	0	0	0	0	0	22	0	0	0	0	0	0	16	0	0	0	0	32	0	0
121	Discharge	전격저항1	0	1	0	100	0	0	0	2	0	0	0	0	0	0	0	0	0	0	0	0	0	0	0	0	0	0	0	0	0	0	0	0	0	1	0	0	0	0	0	0	0	0	0	0	0	0	0
122	Discharge	전격저항2	0	1	2	100	0	0	1000	3	0	0	0	0	0	0	0	0	0	0	0	0	0	0	0	0	0	0	0	0	0	0	0	0	0	1	0	0	0	0	0	2	0	0	0	0	4	0	0
123	Discharge	전격저항3	0	1	6	100	0	0	2000	4	0	0	0	0	0	0	0	0	0	0	0	0	0	0	0	0	0	0	0	0	0	0	0	0	0	4	0	0	0	0	0	4	0	0	0	0	8	0	0
124	Discharge	전격저항4	0	1	10	100	0	0	3000	4	0	0	0	0	0	0	0	0	0	0	0	0	0	0	0	0	0	0	0	0	0	0	0	0	0	7	0	0	0	0	0	6	0	0	0	0	12	0	0
125	Discharge	전격저항5	0	1	14	100	0	0	4000	4	0	0	0	0	0	0	0	0	0	0	0	0	0	0	0	0	0	0	0	0	0	0	0	0	0	10	0	0	0	0	0	8	0	0	0	0	16	0	0
126	Discharge	전격저항6	0	1	18	100	0	0	5000	4	0	0	0	0	0	0	0	0	0	0	0	0	0	0	0	0	0	0	0	0	0	0	0	0	0	13	0	0	0	0	0	10	0	0	0	0	20	0	0
127	Discharge	전격저항7	0	1	22	100	0	0	6000	4	0	0	0	0	0	0	0	0	0	0	0	0	0	0	0	0	0	0	0	0	0	0	0	0	0	16	0	0	0	0	0	12	0	0	0	0	24	0	0
128	Discharge	전격저항8	0	1	26	100	0	0	7000	4	0	0	0	0	0	0	0	0	0	0	0	0	0	0	0	0	0	0	0	0	0	0	0	0	0	19	0	0	0	0	0	14	0	0	0	0	28	0	0
129	Discharge	전격저항9	0	1	30	100	0	0	8000	4	0	0	0	0	0	0	0	0	0	0	0	0	0	0	0	0	0	0	0	0	0	0	0	0	0	22	0	0	0	0	0	16	0	0	0	0	32	0	0
130	Unique	??	0	4	30	100	0	0	9000	4	0	0	0	0	0	0	0	0	0	0	0	0	0	0	0	0	0	0	0	0	0	0	0	0	0	22	0	0	0	0	0	16	0	0	0	0	32	0	0
131	Blood	독저항1	0	1	0	100	0	0	0	2	0	0	0	0	0	0	0	0	0	0	0	0	0	0	0	0	0	0	0	0	0	0	0	0	0	0	0	1	0	0	0	0	0	0	0	0	0	0	0
132	Blood	독저항2	0	1	2	100	0	0	1000	3	0	0	0	0	0	0	0	0	0	0	0	0	0	0	0	0	0	0	0	0	0	0	0	0	0	0	0	1	0	0	0	2	0	0	0	0	4	0	0
133	Blood	독저항3	0	1	6	100	0	0	2000	4	0	0	0	0	0	0	0	0	0	0	0	0	0	0	0	0	0	0	0	0	0	0	0	0	0	0	0	4	0	0	0	4	0	0	0	0	8	0	0
134	Blood	독저항4	0	1	10	100	0	0	3000	4	0	0	0	0	0	0	0	0	0	0	0	0	0	0	0	0	0	0	0	0	0	0	0	0	0	0	0	7	0	0	0	6	0	0	0	0	12	0	0
135	Blood	독저항5	0	1	14	100	0	0	4000	4	0	0	0	0	0	0	0	0	0	0	0	0	0	0	0	0	0	0	0	0	0	0	0	0	0	0	0	10	0	0	0	8	0	0	0	0	16	0	0
136	Blood	독저항6	0	1	18	100	0	0	5000	4	0	0	0	0	0	0	0	0	0	0	0	0	0	0	0	0	0	0	0	0	0	0	0	0	0	0	0	13	0	0	0	10	0	0	0	0	20	0	0
137	Blood	독저항7	0	1	22	100	0	0	6000	4	0	0	0	0	0	0	0	0	0	0	0	0	0	0	0	0	0	0	0	0	0	0	0	0	0	0	0	16	0	0	0	12	0	0	0	0	24	0	0
138	Blood	독저항8	0	1	26	100	0	0	7000	4	0	0	0	0	0	0	0	0	0	0	0	0	0	0	0	0	0	0	0	0	0	0	0	0	0	0	0	19	0	0	0	14	0	0	0	0	28	0	0
139	Blood	독저항9	0	1	30	100	0	0	8000	4	0	0	0	0	0	0	0	0	0	0	0	0	0	0	0	0	0	0	0	0	0	0	0	0	0	0	0	22	0	0	0	16	0	0	0	0	32	0	0
140	Unique	??	0	4	30	100	0	0	9000	4	0	0	0	0	0	0	0	0	0	0	0	0	0	0	0	0	0	0	0	0	0	0	0	0	0	0	0	22	0	0	0	16	0	0	0	0	32	0	0
141	Holy	저주저항1	0	1	0	100	0	0	0	2	0	0	0	0	0	0	0	0	0	0	0	0	0	0	0	0	0	0	0	0	0	0	0	0	0	0	0	0	1	0	0	0	0	0	0	0	0	0	0
142	Holy	저주저항2	0	1	2	100	0	0	1000	3	0	0	0	0	0	0	0	0	0	0	0	0	0	0	0	0	0	0	0	0	0	0	0	0	0	0	0	0	1	0	0	2	0	0	0	0	4	0	0
143	Holy	저주저항3	0	1	6	100	0	0	2000	4	0	0	0	0	0	0	0	0	0	0	0	0	0	0	0	0	0	0	0	0	0	0	0	0	0	0	0	0	4	0	0	4	0	0	0	0	8	0	0
144	Holy	저주저항4	0	1	10	100	0	0	3000	4	0	0	0	0	0	0	0	0	0	0	0	0	0	0	0	0	0	0	0	0	0	0	0	0	0	0	0	0	7	0	0	6	0	0	0	0	12	0	0
145	Holy	저주저항5	0	1	14	100	0	0	4000	4	0	0	0	0	0	0	0	0	0	0	0	0	0	0	0	0	0	0	0	0	0	0	0	0	0	0	0	0	10	0	0	8	0	0	0	0	16	0	0
146	Holy	저주저항6	0	1	18	100	0	0	5000	4	0	0	0	0	0	0	0	0	0	0	0	0	0	0	0	0	0	0	0	0	0	0	0	0	0	0	0	0	13	0	0	10	0	0	0	0	20	0	0
147	Holy	저주저항7	0	1	22	100	0	0	6000	4	0	0	0	0	0	0	0	0	0	0	0	0	0	0	0	0	0	0	0	0	0	0	0	0	0	0	0	0	16	0	0	12	0	0	0	0	24	0	0
148	Holy	저주저항8	0	1	26	100	0	0	7000	4	0	0	0	0	0	0	0	0	0	0	0	0	0	0	0	0	0	0	0	0	0	0	0	0	0	0	0	0	19	0	0	14	0	0	0	0	28	0	0
149	Holy	저주저항9	0	1	30	100	0	0	8000	4	0	0	0	0	0	0	0	0	0	0	0	0	0	0	0	0	0	0	0	0	0	0	0	0	0	0	0	0	22	0	0	16	0	0	0	0	32	0	0
150	Unique	??	0	4	30	100	0	0	9000	4	0	0	0	0	0	0	0	0	0	0	0	0	0	0	0	0	0	0	0	0	0	0	0	0	0	0	0	0	22	0	0	16	0	0	0	0	32	0	0
151	Blast	레벨제한감소1	0	1	0	100	0	0	0	2	0	0	0	0	0	0	0	0	0	0	0	0	0	0	0	0	0	0	0	0	0	0	0	0	0	0	0	0	0	0	0	-16	0	0	0	0	0	0	0
152	Blast	레벨제한감소2	0	1	2	100	0	0	1000	3	0	0	0	0	0	0	0	0	0	0	0	0	0	0	0	0	0	0	0	0	0	0	0	0	0	0	0	0	0	0	0	-14	0	0	0	0	4	0	0
153	Blast	레벨제한감소3	0	1	6	100	0	0	2000	4	0	0	0	0	0	0	0	0	0	0	0	0	0	0	0	0	0	0	0	0	0	0	0	0	0	0	0	0	0	0	0	-12	0	0	0	0	8	0	0
154	Blast	레벨제한감소4	0	1	10	100	0	0	3000	4	0	0	0	0	0	0	0	0	0	0	0	0	0	0	0	0	0	0	0	0	0	0	0	0	0	0	0	0	0	0	0	-10	0	0	0	0	12	0	0
155	Blast	레벨제한감소5	0	1	14	100	0	0	4000	4	0	0	0	0	0	0	0	0	0	0	0	0	0	0	0	0	0	0	0	0	0	0	0	0	0	0	0	0	0	0	0	-8	0	0	0	0	16	0	0
156	Blast	레벨제한감소6	0	1	18	100	0	0	5000	4	0	0	0	0	0	0	0	0	0	0	0	0	0	0	0	0	0	0	0	0	0	0	0	0	0	0	0	0	0	0	0	-6	0	0	0	0	20	0	0
157	Blast	레벨제한감소7	0	1	22	100	0	0	6000	4	0	0	0	0	0	0	0	0	0	0	0	0	0	0	0	0	0	0	0	0	0	0	0	0	0	0	0	0	0	0	0	-4	0	0	0	0	24	0	0
158	Blast	레벨제한감소8	0	1	26	100	0	0	7000	4	0	0	0	0	0	0	0	0	0	0	0	0	0	0	0	0	0	0	0	0	0	0	0	0	0	0	0	0	0	0	0	-2	0	0	0	0	28	0	0
159	Blast	레벨제한감소9	0	1	30	100	0	0	8000	4	0	0	0	0	0	0	0	0	0	0	0	0	0	0	0	0	0	0	0	0	0	0	0	0	0	0	0	0	0	0	0	0	0	0	0	0	32	0	0
160	Unique	??	0	4	30	100	0	0	9000	4	0	0	0	0	0	0	0	0	0	0	0	0	0	0	0	0	0	0	0	0	0	0	0	0	0	0	0	0	0	0	0	0	0	0	0	0	32	0	0
161	Burning	불속성1	0	2	0	100	0	0	0	2	0	0	0	0	0	0	0	8	0	0	0	0	0	0	0	0	0	0	0	0	0	0	0	0	0	0	0	0	0	0	0	0	0	0	0	0	0	0	0
162	Burning	불속성2	0	2	2	100	0	0	1000	3	0	0	0	0	0	0	0	16	0	0	0	0	0	0	0	0	0	0	0	0	0	0	0	0	0	0	0	0	0	0	0	2	0	0	0	0	4	0	0
163	Burning	불속성3	0	2	6	100	0	0	2000	4	0	0	0	0	0	0	0	24	0	0	0	0	0	0	0	0	0	0	0	0	0	0	0	0	0	0	0	0	0	0	0	4	0	0	0	0	8	0	0
164	Burning	불속성4	0	2	10	100	0	0	3000	4	0	0	0	0	0	0	0	32	0	0	0	0	0	0	0	0	0	0	0	0	0	0	0	0	0	0	0	0	0	0	0	6	0	0	0	0	12	0	0
165	Burning	불속성5	0	2	14	100	0	0	4000	4	0	0	0	0	0	0	0	40	0	0	0	0	0	0	0	0	0	0	0	0	0	0	0	0	0	0	0	0	0	0	0	8	0	0	0	0	16	0	0
166	Burning	불속성6	0	2	18	100	0	0	5000	4	0	0	0	0	0	0	0	48	0	0	0	0	0	0	0	0	0	0	0	0	0	0	0	0	0	0	0	0	0	0	0	10	0	0	0	0	20	0	0
167	Burning	불속성7	0	2	22	100	0	0	6000	4	0	0	0	0	0	0	0	56	0	0	0	0	0	0	0	0	0	0	0	0	0	0	0	0	0	0	0	0	0	0	0	12	0	0	0	0	24	0	0
168	Burning	불속성8	0	2	26	100	0	0	7000	4	0	0	0	0	0	0	0	64	0	0	0	0	0	0	0	0	0	0	0	0	0	0	0	0	0	0	0	0	0	0	0	14	0	0	0	0	28	0	0
169	Burning	불속성9	0	2	30	100	0	0	8000	4	0	0	0	0	0	0	0	72	0	0	0	0	0	0	0	0	0	0	0	0	0	0	0	0	0	0	0	0	0	0	0	16	0	0	0	0	32	0	0
170	Unique	??	0	4	30	100	0	0	9000	4	0	0	0	0	0	0	0	72	0	0	0	0	0	0	0	0	0	0	0	0	0	0	0	0	0	0	0	0	0	0	0	16	0	0	0	0	32	0	0
171	Frozen	냉기속성1	0	2	0	100	0	0	0	2	0	0	0	0	0	0	0	0	8	0	0	0	0	0	0	0	0	0	0	0	0	0	0	0	0	0	0	0	0	0	0	0	0	0	0	0	0	0	0
172	Frozen	냉기속성2	0	2	2	100	0	0	1000	3	0	0	0	0	0	0	0	0	16	0	0	0	0	0	0	0	0	0	0	0	0	0	0	0	0	0	0	0	0	0	0	2	0	0	0	0	4	0	0
173	Frozen	냉기속성3	0	2	6	100	0	0	2000	4	0	0	0	0	0	0	0	0	24	0	0	0	0	0	0	0	0	0	0	0	0	0	0	0	0	0	0	0	0	0	0	4	0	0	0	0	8	0	0
174	Frozen	냉기속성4	0	2	10	100	0	0	3000	4	0	0	0	0	0	0	0	0	32	0	0	0	0	0	0	0	0	0	0	0	0	0	0	0	0	0	0	0	0	0	0	6	0	0	0	0	12	0	0
175	Frozen	냉기속성5	0	2	14	100	0	0	4000	4	0	0	0	0	0	0	0	0	40	0	0	0	0	0	0	0	0	0	0	0	0	0	0	0	0	0	0	0	0	0	0	8	0	0	0	0	16	0	0
176	Frozen	냉기속성6	0	2	18	100	0	0	5000	4	0	0	0	0	0	0	0	0	48	0	0	0	0	0	0	0	0	0	0	0	0	0	0	0	0	0	0	0	0	0	0	10	0	0	0	0	20	0	0
177	Frozen	냉기속성7	0	2	22	100	0	0	6000	4	0	0	0	0	0	0	0	0	56	0	0	0	0	0	0	0	0	0	0	0	0	0	0	0	0	0	0	0	0	0	0	12	0	0	0	0	24	0	0
178	Frozen	냉기속성8	0	2	26	100	0	0	7000	4	0	0	0	0	0	0	0	0	64	0	0	0	0	0	0	0	0	0	0	0	0	0	0	0	0	0	0	0	0	0	0	14	0	0	0	0	28	0	0
179	Frozen	냉기속성9	0	2	30	100	0	0	8000	4	0	0	0	0	0	0	0	0	72	0	0	0	0	0	0	0	0	0	0	0	0	0	0	0	0	0	0	0	0	0	0	16	0	0	0	0	32	0	0
180	Unique	??	0	4	30	100	0	0	9000	4	0	0	0	0	0	0	0	0	72	0	0	0	0	0	0	0	0	0	0	0	0	0	0	0	0	0	0	0	0	0	0	16	0	0	0	0	32	0	0
181	Lightning	전격속성1	0	2	0	100	0	0	0	2	0	0	0	0	0	0	0	0	0	8	0	0	0	0	0	0	0	0	0	0	0	0	0	0	0	0	0	0	0	0	0	0	0	0	0	0	0	0	0
182	Lightning	전격속성2	0	2	2	100	0	0	1000	3	0	0	0	0	0	0	0	0	0	16	0	0	0	0	0	0	0	0	0	0	0	0	0	0	0	0	0	0	0	0	0	2	0	0	0	0	4	0	0
183	Lightning	전격속성3	0	2	6	100	0	0	2000	4	0	0	0	0	0	0	0	0	0	24	0	0	0	0	0	0	0	0	0	0	0	0	0	0	0	0	0	0	0	0	0	4	0	0	0	0	8	0	0
184	Lightning	전격속성4	0	2	10	100	0	0	3000	4	0	0	0	0	0	0	0	0	0	32	0	0	0	0	0	0	0	0	0	0	0	0	0	0	0	0	0	0	0	0	0	6	0	0	0	0	12	0	0
185	Lightning	전격속성5	0	2	14	100	0	0	4000	4	0	0	0	0	0	0	0	0	0	40	0	0	0	0	0	0	0	0	0	0	0	0	0	0	0	0	0	0	0	0	0	8	0	0	0	0	16	0	0
186	Lightning	전격속성6	0	2	18	100	0	0	5000	4	0	0	0	0	0	0	0	0	0	48	0	0	0	0	0	0	0	0	0	0	0	0	0	0	0	0	0	0	0	0	0	10	0	0	0	0	20	0	0
187	Lightning	전격속성7	0	2	22	100	0	0	6000	4	0	0	0	0	0	0	0	0	0	56	0	0	0	0	0	0	0	0	0	0	0	0	0	0	0	0	0	0	0	0	0	12	0	0	0	0	24	0	0
188	Lightning	전격속성8	0	2	26	100	0	0	7000	4	0	0	0	0	0	0	0	0	0	64	0	0	0	0	0	0	0	0	0	0	0	0	0	0	0	0	0	0	0	0	0	14	0	0	0	0	28	0	0
189	Lightning	전격속성9	0	2	30	100	0	0	8000	4	0	0	0	0	0	0	0	0	0	72	0	0	0	0	0	0	0	0	0	0	0	0	0	0	0	0	0	0	0	0	0	16	0	0	0	0	32	0	0
190	Unique	??	0	4	30	100	0	0	9000	4	0	0	0	0	0	0	0	0	0	72	0	0	0	0	0	0	0	0	0	0	0	0	0	0	0	0	0	0	0	0	0	16	0	0	0	0	32	0	0
191	Vampire	HP흡수1	0	2	0	100	0	0	0	2	0	0	0	0	0	0	0	0	0	0	0	10	0	0	0	0	0	0	0	0	0	0	0	0	0	0	0	0	0	0	0	0	0	0	0	0	0	0	0
192	Vampire	HP흡수2	0	2	2	100	0	0	1000	3	0	0	0	0	0	0	0	0	0	0	0	10	0	0	0	0	0	0	0	0	0	0	0	0	0	0	0	0	0	0	0	2	0	0	0	0	4	0	0
193	Vampire	HP흡수3	0	2	6	100	0	0	2000	4	0	0	0	0	0	0	0	0	0	0	0	10	0	0	0	0	0	0	0	0	0	0	0	0	0	0	0	0	0	0	0	4	0	0	0	0	8	0	0
194	Vampire	HP흡수4	0	2	10	100	0	0	3000	4	0	0	0	0	0	0	0	0	0	0	0	10	0	0	0	0	0	0	0	0	0	0	0	0	0	0	0	0	0	0	0	6	0	0	0	0	12	0	0
195	Vampire	HP흡수5	0	2	14	100	0	0	4000	4	0	0	0	0	0	0	0	0	0	0	0	10	0	0	0	0	0	0	0	0	0	0	0	0	0	0	0	0	0	0	0	8	0	0	0	0	16	0	0
196	Vampire	HP흡수6	0	2	18	100	0	0	5000	4	0	0	0	0	0	0	0	0	0	0	0	10	0	0	0	0	0	0	0	0	0	0	0	0	0	0	0	0	0	0	0	10	0	0	0	0	20	0	0
197	Vampire	HP흡수7	0	2	22	100	0	0	6000	4	0	0	0	0	0	0	0	0	0	0	0	10	0	0	0	0	0	0	0	0	0	0	0	0	0	0	0	0	0	0	0	12	0	0	0	0	24	0	0
198	Vampire	HP흡수8	0	2	26	100	0	0	7000	4	0	0	0	0	0	0	0	0	0	0	0	10	0	0	0	0	0	0	0	0	0	0	0	0	0	0	0	0	0	0	0	14	0	0	0	0	28	0	0
199	Vampire	HP흡수9	0	2	30	100	0	0	8000	4	0	0	0	0	0	0	0	0	0	0	0	10	0	0	0	0	0	0	0	0	0	0	0	0	0	0	0	0	0	0	0	16	0	0	0	0	32	0	0
200	Unique	??	0	4	30	100	0	0	9000	4	0	0	0	0	0	0	0	0	0	0	0	10	0	0	0	0	0	0	0	0	0	0	0	0	0	0	0	0	0	0	0	16	0	0	0	0	32	0	0
201	Panic	마나타격1	0	2	0	100	0	0	0	2	0	0	0	0	0	0	0	0	0	0	0	0	8	0	0	0	0	0	0	0	0	0	0	0	0	0	0	0	0	0	0	0	0	0	0	0	0	0	0
202	Panic	마나타격2	0	2	2	100	0	0	1000	3	0	0	0	0	0	0	0	0	0	0	0	0	16	0	0	0	0	0	0	0	0	0	0	0	0	0	0	0	0	0	0	2	0	0	0	0	4	0	0
203	Panic	마나타격3	0	2	6	100	0	0	2000	4	0	0	0	0	0	0	0	0	0	0	0	0	24	0	0	0	0	0	0	0	0	0	0	0	0	0	0	0	0	0	0	4	0	0	0	0	8	0	0
204	Panic	마나타격4	0	2	10	100	0	0	3000	4	0	0	0	0	0	0	0	0	0	0	0	0	32	0	0	0	0	0	0	0	0	0	0	0	0	0	0	0	0	0	0	6	0	0	0	0	12	0	0
205	Panic	마나타격5	0	2	14	100	0	0	4000	4	0	0	0	0	0	0	0	0	0	0	0	0	40	0	0	0	0	0	0	0	0	0	0	0	0	0	0	0	0	0	0	8	0	0	0	0	16	0	0
206	Panic	마나타격6	0	2	18	100	0	0	5000	4	0	0	0	0	0	0	0	0	0	0	0	0	48	0	0	0	0	0	0	0	0	0	0	0	0	0	0	0	0	0	0	10	0	0	0	0	20	0	0
207	Panic	마나타격7	0	2	22	100	0	0	6000	4	0	0	0	0	0	0	0	0	0	0	0	0	56	0	0	0	0	0	0	0	0	0	0	0	0	0	0	0	0	0	0	12	0	0	0	0	24	0	0
208	Panic	마나타격8	0	2	26	100	0	0	7000	4	0	0	0	0	0	0	0	0	0	0	0	0	64	0	0	0	0	0	0	0	0	0	0	0	0	0	0	0	0	0	0	14	0	0	0	0	28	0	0
209	Panic	마나타격9	0	2	30	100	0	0	8000	4	0	0	0	0	0	0	0	0	0	0	0	0	72	0	0	0	0	0	0	0	0	0	0	0	0	0	0	0	0	0	0	16	0	0	0	0	32	0	0
210	Unique	??	0	4	30	100	0	0	9000	4	0	0	0	0	0	0	0	0	0	0	0	0	72	0	0	0	0	0	0	0	0	0	0	0	0	0	0	0	0	0	0	16	0	0	0	0	32	0	0
211	Enchant	마나흡수1	0	2	0	100	0	0	0	2	0	0	0	0	0	0	0	0	0	0	0	0	0	10	0	0	0	0	0	0	0	0	0	0	0	0	0	0	0	0	0	0	0	0	0	0	0	0	0
212	Enchant	마나흡수2	0	2	2	100	0	0	1000	3	0	0	0	0	0	0	0	0	0	0	0	0	0	10	0	0	0	0	0	0	0	0	0	0	0	0	0	0	0	0	0	2	0	0	0	0	4	0	0
213	Enchant	마나흡수3	0	2	6	100	0	0	2000	4	0	0	0	0	0	0	0	0	0	0	0	0	0	10	0	0	0	0	0	0	0	0	0	0	0	0	0	0	0	0	0	4	0	0	0	0	8	0	0
214	Enchant	마나흡수4	0	2	10	100	0	0	3000	4	0	0	0	0	0	0	0	0	0	0	0	0	0	10	0	0	0	0	0	0	0	0	0	0	0	0	0	0	0	0	0	6	0	0	0	0	12	0	0
215	Enchant	마나흡수5	0	2	14	100	0	0	4000	4	0	0	0	0	0	0	0	0	0	0	0	0	0	10	0	0	0	0	0	0	0	0	0	0	0	0	0	0	0	0	0	8	0	0	0	0	16	0	0
216	Enchant	마나흡수6	0	2	18	100	0	0	5000	4	0	0	0	0	0	0	0	0	0	0	0	0	0	10	0	0	0	0	0	0	0	0	0	0	0	0	0	0	0	0	0	10	0	0	0	0	20	0	0
217	Enchant	마나흡수7	0	2	22	100	0	0	6000	4	0	0	0	0	0	0	0	0	0	0	0	0	0	10	0	0	0	0	0	0	0	0	0	0	0	0	0	0	0	0	0	12	0	0	0	0	24	0	0
218	Enchant	마나흡수8	0	2	26	100	0	0	7000	4	0	0	0	0	0	0	0	0	0	0	0	0	0	10	0	0	0	0	0	0	0	0	0	0	0	0	0	0	0	0	0	14	0	0	0	0	28	0	0
219	Enchant	마나흡수9	0	2	30	100	0	0	8000	4	0	0	0	0	0	0	0	0	0	0	0	0	0	10	0	0	0	0	0	0	0	0	0	0	0	0	0	0	0	0	0	16	0	0	0	0	32	0	0
220	Unique	??	0	4	30	100	0	0	9000	4	0	0	0	0	0	0	0	0	0	0	0	0	0	10	0	0	0	0	0	0	0	0	0	0	0	0	0	0	0	0	0	16	0	0	0	0	32	0	0
221		몹드롭기타1	0	2	0	100	0	0	0	2	0	0	0	0	0	0	0	0	0	0	0	0	0	0	0	0	0	0	0	0	0	0	0	0	0	0	0	0	0	0	0	0	0	0	0	0	0	0	0
222		몹드롭기타2	0	2	2	100	0	0	1000	3	0	0	0	0	0	0	0	0	0	0	0	0	0	0	0	0	0	0	0	0	0	0	0	0	0	0	0	0	0	0	0	2	0	0	0	0	4	0	0
223		몹드롭기타3	0	2	6	100	0	0	2000	4	0	0	0	0	0	0	0	0	0	0	0	0	0	0	0	0	0	0	0	0	0	0	0	0	0	0	0	0	0	0	0	4	0	0	0	0	8	0	0
224		몹드롭기타4	0	2	10	100	0	0	3000	4	0	0	0	0	0	0	0	0	0	0	0	0	0	0	0	0	0	0	0	0	0	0	0	0	0	0	0	0	0	0	0	6	0	0	0	0	12	0	0
225		몹드롭기타5	0	2	14	100	0	0	4000	4	0	0	0	0	0	0	0	0	0	0	0	0	0	0	0	0	0	0	0	0	0	0	0	0	0	0	0	0	0	0	0	8	0	0	0	0	16	0	0
226		몹드롭기타6	0	2	18	100	0	0	5000	4	0	0	0	0	0	0	0	0	0	0	0	0	0	0	0	0	0	0	0	0	0	0	0	0	0	0	0	0	0	0	0	10	0	0	0	0	20	0	0
227		몹드롭기타7	0	2	22	100	0	0	6000	4	0	0	0	0	0	0	0	0	0	0	0	0	0	0	0	0	0	0	0	0	0	0	0	0	0	0	0	0	0	0	0	12	0	0	0	0	24	0	0
228		몹드롭기타8	0	2	26	100	0	0	7000	4	0	0	0	0	0	0	0	0	0	0	0	0	0	0	0	0	0	0	0	0	0	0	0	0	0	0	0	0	0	0	0	14	0	0	0	0	28	0	0
229		몹드롭기타9	0	2	30	100	0	0	8000	4	0	0	0	0	0	0	0	0	0	0	0	0	0	0	0	0	0	0	0	0	0	0	0	0	0	0	0	0	0	0	0	16	0	0	0	0	32	0	0
230		??	0	4	30	100	0	0	9000	4	0	0	0	0	0	0	0	0	0	0	0	0	0	0	0	0	0	0	0	0	0	0	0	0	0	0	0	0	0	0	0	16	0	0	0	0	32	0	0
255	Chitin Bow	레사쓰	16841000	4	75	100	0	0	8000	1	0	0	0	0	0	0	0	0	0	0	0	0	0	0	0	0	0	0	0	0	0	0	100	0	0	0	0	30	0	0	0	14	0	0	0	0	20	0	0
256	Scorpion Bow	샤울라	16841000	4	45	100	0	0	8000	1	0	0	0	0	0	0	0	0	0	0	45	0	0	0	0	0	0	0	0	0	0	100	0	0	0	0	0	30	0	0	0	14	0	0	0	0	20	0	0
257	Centaur Bow	켄타우루스	0	4	30	100	0	0	8000	1	0	0	0	0	0	0	0	0	120	0	0	0	0	0	0	0	0	10	10	0	10	200	200	20	20	20	0	20	0	0	0	0	0	0	0	0	0	0	0
271	Chitin Bow(+1)	업글 키틴 보우	16841000	4	75	100	0	0	8000	1	0	0	0	0	0	0	0	10	0	0	0	0	0	0	0	0	0	0	0	0	0	0	100	0	0	0	0	30	0	0	0	14	0	0	0	0	20	0	0
272	Chitin Bow(+2)	업글 키틴 보우	16841000	4	77	100	0	0	8000	1	0	0	0	0	0	0	0	20	0	0	0	0	0	0	0	0	0	0	0	0	0	0	130	0	0	0	0	35	0	0	0	15	0	0	0	0	21	0	0
273	Chitin Bow(+3)	업글 키틴 보우	16841000	4	79	100	0	0	8000	1	0	0	0	0	0	0	0	30	0	0	0	0	0	0	0	0	0	0	0	0	0	0	160	0	0	0	0	40	0	0	0	16	0	0	0	0	22	0	0
274	Chitin Bow(+4)	업글 키틴 보우	16841000	4	81	100	0	0	8000	1	0	0	0	0	0	0	0	40	0	0	0	0	0	0	0	0	0	0	0	0	0	0	190	0	0	0	0	45	0	0	0	17	0	0	0	0	23	0	0
275	Chitin Bow(+5)	업글 키틴 보우	16841000	4	83	100	0	0	8000	1	0	0	0	0	0	0	0	50	0	0	0	0	0	0	0	0	0	0	0	0	0	0	220	0	0	0	0	50	0	0	0	18	0	0	0	0	24	0	0
276	Chitin Bow(+6)	업글 키틴 보우	16841000	4	85	100	0	0	8000	1	0	0	0	0	0	0	0	60	0	0	0	0	0	0	0	0	0	0	0	0	0	0	250	0	0	0	0	55	0	0	0	19	0	0	0	0	25	0	0
277	Chitin Bow(+7)	업글 키틴 보우	16841000	4	90	100	0	0	8000	1	0	0	0	0	0	0	0	70	0	0	0	0	0	0	0	0	0	0	0	0	0	0	280	0	0	0	0	60	0	0	0	20	0	0	0	0	26	0	0
278	Chitin Bow(+8)	업글 키틴 보우	16841000	4	99	100	0	0	8000	1	0	0	0	0	0	0	0	80	0	0	0	0	0	0	0	0	0	0	0	0	0	0	310	0	0	0	0	65	0	0	0	21	0	0	0	0	27	0	0
279	Chitin Bow(+9)	업글 키틴 보우	16841000	4	112	100	0	0	8000	1	0	0	0	0	0	0	0	90	0	0	0	0	0	0	0	0	0	0	0	0	0	0	350	0	0	0	0	70	0	0	0	22	0	0	0	0	28	0	0
280	Chitin Bow(+10)	업글 키틴 보우	16841000	4	132	100	0	0	8000	1	0	0	0	0	0	0	0	100	0	0	0	0	0	0	0	0	0	0	0	0	0	0	400	0	0	0	0	75	0	0	0	23	0	0	0	0	29	0	0
281	Scorpion Bow(+1)	업글 스콜 보우	16841000	4	45	100	0	0	8000	1	0	0	0	0	0	0	0	0	0	0	45	0	0	0	0	0	0	0	0	0	0	100	0	0	0	0	0	30	0	0	0	14	0	0	0	0	20	0	0
282	Scorpion Bow(+2)	업글 스콜 보우	16841000	4	49	100	0	0	8000	1	0	0	0	0	0	0	0	0	0	0	55	0	0	0	0	0	0	0	0	0	0	130	0	0	0	0	0	35	0	0	0	15	0	0	0	0	21	0	0
283	Scorpion Bow(+3)	업글 스콜 보우	16841000	4	53	100	0	0	8000	1	0	0	0	0	0	0	0	0	0	0	65	0	0	0	0	0	0	0	0	0	0	160	0	0	0	0	0	40	0	0	0	16	0	0	0	0	22	0	0
284	Scorpion Bow(+4)	업글 스콜 보우	16841000	4	57	100	0	0	8000	1	0	0	0	0	0	0	0	0	0	0	75	0	0	0	0	0	0	0	0	0	0	190	0	0	0	0	0	45	0	0	0	17	0	0	0	0	23	0	0
285	Scorpion Bow(+5)	업글 스콜 보우	16841000	4	61	100	0	0	8000	1	0	0	0	0	0	0	0	0	0	0	85	0	0	0	0	0	0	0	0	0	0	220	0	0	0	0	0	50	0	0	0	18	0	0	0	0	24	0	0
286	Scorpion Bow(+6)	업글 스콜 보우	16841000	4	65	100	0	0	8000	1	0	0	0	0	0	0	0	0	0	0	95	0	0	0	0	0	0	0	0	0	0	250	0	0	0	0	0	55	0	0	0	19	0	0	0	0	25	0	0
287	Scorpion Bow(+7)	업글 스콜 보우	16841000	4	71	100	0	0	8000	1	0	0	0	0	0	0	0	0	0	0	105	0	0	0	0	0	0	0	0	0	0	280	0	0	0	0	0	60	0	0	0	20	0	0	0	0	26	0	0
288	Scorpion Bow(+8)	업글 스콜 보우	16841000	4	80	100	0	0	8000	1	0	0	0	0	0	0	0	0	0	0	115	0	0	0	0	0	0	0	0	0	0	310	0	0	0	0	0	65	0	0	0	21	0	0	0	0	27	0	0
289	Scorpion Bow(+9)	업글 스콜 보우	16841000	4	93	100	0	0	8000	1	0	0	0	0	0	0	0	0	0	0	115	0	0	0	0	0	0	0	0	0	0	350	0	0	0	0	0	70	0	0	0	22	0	0	0	0	28	0	0
290	Scorpion Bow(+10)	업글 스콜 보우	16841000	4	113	100	0	0	8000	1	0	0	0	0	0	0	0	0	0	0	115	0	0	0	0	0	0	0	0	0	0	400	0	0	0	0	0	75	0	0	0	23	0	0	0	0	29	0	0
