0		엘모라드	0	0	0	100	0	0	0	1	0	0	0	0	0	0	0	0	0	0	0	0	0	0	0	0	0	0	0	0	0	0	0	0	0	0	0	0	0	0	0	0	0	0	0	0	0	0	0
1	Upgrade	업그레이드기본형	0	5	0	100	0	0	0	2	0	0	0	0	0	0	0	0	0	0	0	0	0	0	0	0	0	0	0	0	0	0	0	0	0	0	0	0	0	0	0	0	0	0	0	0	0	0	0
2	Upgrade	기본업2	0	5	6	100	0	0	1000	3	0	0	0	0	0	0	0	0	0	0	0	0	0	0	0	0	0	0	0	0	0	0	0	0	0	0	0	0	0	0	0	2	0	0	4	0	0	0	0
3	Upgrade	기본업3	0	5	12	100	0	0	2000	4	0	0	0	0	0	0	0	0	0	0	0	0	0	0	0	0	0	0	0	0	0	0	0	0	0	0	0	0	0	0	0	4	0	0	8	0	0	0	0
4	Upgrade	기본업4	0	5	18	100	0	0	3000	4	0	0	0	0	0	0	0	0	0	0	0	0	0	0	0	0	0	0	0	0	0	0	0	0	0	0	0	0	0	0	0	6	0	0	12	0	0	0	0
5	Upgrade	기본업5	0	5	24	100	0	0	4000	4	0	0	0	0	0	0	0	0	0	0	0	0	0	0	0	0	0	0	0	0	0	0	0	0	0	0	0	0	0	0	0	8	0	0	16	0	0	0	0
6	Upgrade	기본업6	0	5	30	100	0	0	5000	4	0	0	0	0	0	0	0	0	0	0	0	0	0	0	0	0	0	0	0	0	0	0	0	0	0	0	0	0	0	0	0	10	0	0	20	0	0	0	0
7	Upgrade	기본업7	0	5	38	100	0	0	6000	4	0	0	0	0	0	0	0	0	0	0	0	0	0	0	0	1	0	0	0	0	0	0	0	0	0	0	0	0	0	0	0	12	0	0	24	0	0	0	0
8	Upgrade	기본업8	0	5	50	100	0	0	7000	4	0	0	0	0	0	0	0	0	0	0	0	0	0	0	0	1	0	0	0	0	0	0	0	0	0	0	0	0	0	0	0	14	0	0	28	0	0	0	0
9	Upgrade	기본업9	0	5	68	100	0	0	8000	4	0	0	0	0	0	0	0	0	0	0	0	0	0	0	0	1	0	0	0	0	0	0	0	0	0	0	0	0	0	0	0	16	0	0	32	0	0	0	0
10	Upgrade	기본업10	0	5	98	100	0	0	9000	4	0	0	0	0	0	0	0	0	0	0	0	0	0	0	0	1	0	0	0	0	0	0	0	0	0	0	0	0	0	0	0	18	0	0	36	0	0	0	0
11	Strength	힘1	0	5	0	100	0	0	0	2	0	0	0	0	0	0	0	0	0	0	0	0	0	0	0	0	2	0	0	0	0	0	0	0	0	0	0	0	0	0	0	0	0	0	0	0	0	0	0
12	Strength	힘2	0	5	6	100	0	0	1000	3	0	0	0	0	0	0	0	0	0	0	0	0	0	0	0	0	2	0	0	0	0	0	0	0	0	0	0	0	0	0	0	2	0	0	4	0	0	0	0
13	Strength	힘3	0	5	12	100	0	0	2000	4	0	0	0	0	0	0	0	0	0	0	0	0	0	0	0	0	4	0	0	0	0	0	0	0	0	0	0	0	0	0	0	4	0	0	8	0	0	0	0
14	Strength	힘4	0	5	18	100	0	0	3000	4	0	0	0	0	0	0	0	0	0	0	0	0	0	0	0	0	6	0	0	0	0	0	0	0	0	0	0	0	0	0	0	6	0	0	12	0	0	0	0
15	Strength	힘5	0	5	24	100	0	0	4000	4	0	0	0	0	0	0	0	0	0	0	0	0	0	0	0	0	8	0	0	0	0	0	0	0	0	0	0	0	0	0	0	8	0	0	16	0	0	0	0
16	Strength	힘6	0	5	30	100	0	0	5000	4	0	0	0	0	0	0	0	0	0	0	0	0	0	0	0	0	10	0	0	0	0	0	0	0	0	0	0	0	0	0	0	10	0	0	20	0	0	0	0
17	Strength	힘7	0	5	38	100	0	0	6000	4	0	0	0	0	0	0	0	0	0	0	0	0	0	0	0	1	12	0	0	0	0	0	0	0	0	0	0	0	0	0	0	12	0	0	24	0	0	0	0
18	Strength	힘8	0	5	50	100	0	0	7000	4	0	0	0	0	0	0	0	0	0	0	0	0	0	0	0	1	14	0	0	0	0	0	0	0	0	0	0	0	0	0	0	14	0	0	28	0	0	0	0
19	Strength	힘9	0	5	68	100	0	0	8000	4	0	0	0	0	0	0	0	0	0	0	0	0	0	0	0	1	16	0	0	0	0	0	0	0	0	0	0	0	0	0	0	16	0	0	32	0	0	0	0
20	Strength	힘10	0	5	98	100	0	0	9000	4	0	0	0	0	0	0	0	0	0	0	0	0	0	0	0	1	18	0	0	0	0	0	0	0	0	0	0	0	0	0	0	18	0	0	36	0	0	0	0
21	Cobalt	냉기저항1	0	5	0	100	0	0	0	2	0	0	0	0	0	0	0	0	0	0	0	0	0	0	0	0	0	0	0	0	0	0	0	0	3	0	0	0	0	0	0	0	0	0	0	0	0	0	0
22	Cobalt	냉기저항2	0	5	6	100	0	0	1000	3	0	0	0	0	0	0	0	0	0	0	0	0	0	0	0	0	0	0	0	0	0	0	0	0	3	0	0	0	0	0	0	2	0	0	4	0	0	0	0
23	Cobalt	냉기저항3	0	5	12	100	0	0	2000	4	0	0	0	0	0	0	0	0	0	0	0	0	0	0	0	0	0	0	0	0	0	0	0	0	6	0	0	0	0	0	0	4	0	0	8	0	0	0	0
24	Cobalt	냉기저항4	0	5	18	100	0	0	3000	4	0	0	0	0	0	0	0	0	0	0	0	0	0	0	0	0	0	0	0	0	0	0	0	0	9	0	0	0	0	0	0	6	0	0	12	0	0	0	0
25	Cobalt	냉기저항5	0	5	24	100	0	0	4000	4	0	0	0	0	0	0	0	0	0	0	0	0	0	0	0	0	0	0	0	0	0	0	0	0	12	0	0	0	0	0	0	8	0	0	16	0	0	0	0
26	Cobalt	냉기저항6	0	5	30	100	0	0	5000	4	0	0	0	0	0	0	0	0	0	0	0	0	0	0	0	0	0	0	0	0	0	0	0	0	15	0	0	0	0	0	0	10	0	0	20	0	0	0	0
27	Cobalt	냉기저항7	0	5	38	100	0	0	6000	4	0	0	0	0	0	0	0	0	0	0	0	0	0	0	0	1	0	0	0	0	0	0	0	0	18	0	0	0	0	0	0	12	0	0	24	0	0	0	0
28	Cobalt	냉기저항8	0	5	50	100	0	0	7000	4	0	0	0	0	0	0	0	0	0	0	0	0	0	0	0	1	0	0	0	0	0	0	0	0	21	0	0	0	0	0	0	14	0	0	28	0	0	0	0
29	Cobalt	냉기저항9	0	5	68	100	0	0	8000	4	0	0	0	0	0	0	0	0	0	0	0	0	0	0	0	1	0	0	0	0	0	0	0	0	24	0	0	0	0	0	0	16	0	0	32	0	0	0	0
30	Cobalt	냉기저항10	0	5	98	100	0	0	9000	4	0	0	0	0	0	0	0	0	0	0	0	0	0	0	0	1	0	0	0	0	0	0	0	0	27	0	0	0	0	0	0	18	0	0	36	0	0	0	0
31	Light	능력치제한감소1	0	5	0	100	0	0	0	2	0	0	0	0	0	0	0	0	0	0	0	0	0	0	0	0	0	0	0	0	0	0	0	0	0	0	0	0	0	0	0	0	0	0	-32	0	0	0	0
32	Light	능력치제한감소2	0	5	6	100	0	0	1000	3	0	0	0	0	0	0	0	0	0	0	0	0	0	0	0	0	0	0	0	0	0	0	0	0	0	0	0	0	0	0	0	2	0	0	-28	0	0	0	0
33	Light	능력치제한감소3	0	5	12	100	0	0	2000	4	0	0	0	0	0	0	0	0	0	0	0	0	0	0	0	0	0	0	0	0	0	0	0	0	0	0	0	0	0	0	0	4	0	0	-24	0	0	0	0
34	Light	능력치제한감소4	0	5	18	100	0	0	3000	4	0	0	0	0	0	0	0	0	0	0	0	0	0	0	0	0	0	0	0	0	0	0	0	0	0	0	0	0	0	0	0	6	0	0	-20	0	0	0	0
35	Light	능력치제한감소5	0	5	24	100	0	0	4000	4	0	0	0	0	0	0	0	0	0	0	0	0	0	0	0	0	0	0	0	0	0	0	0	0	0	0	0	0	0	0	0	8	0	0	-16	0	0	0	0
36	Light	능력치제한감소6	0	5	30	100	0	0	5000	4	0	0	0	0	0	0	0	0	0	0	0	0	0	0	0	0	0	0	0	0	0	0	0	0	0	0	0	0	0	0	0	10	0	0	-12	0	0	0	0
37	Light	능력치제한감소7	0	5	38	100	0	0	6000	4	0	0	0	0	0	0	0	0	0	0	0	0	0	0	0	1	0	0	0	0	0	0	0	0	0	0	0	0	0	0	0	12	0	0	-8	0	0	0	0
38	Light	능력치제한감소8	0	5	50	100	0	0	7000	4	0	0	0	0	0	0	0	0	0	0	0	0	0	0	0	1	0	0	0	0	0	0	0	0	0	0	0	0	0	0	0	14	0	0	-4	0	0	0	0
39	Light	능력치제한감소9	0	5	68	100	0	0	8000	4	0	0	0	0	0	0	0	0	0	0	0	0	0	0	0	1	0	0	0	0	0	0	0	0	0	0	0	0	0	0	0	16	0	0	-4	0	0	0	0
40	Light	능력치제한감소10	0	5	98	100	0	0	9000	4	0	0	0	0	0	0	0	0	0	0	0	0	0	0	0	1	0	0	0	0	0	0	0	0	0	0	0	0	0	0	0	18	0	0	-4	0	0	0	0
41	Frozen	냉기속성1	0	5	0	100	0	0	0	2	0	0	0	0	0	0	0	0	10	0	0	0	0	0	0	0	0	0	0	0	0	0	0	0	0	0	0	0	0	0	0	0	0	0	0	0	0	0	0
42	Frozen	냉기속성2	0	5	6	100	0	0	1000	3	0	0	0	0	0	0	0	0	20	0	0	0	0	0	0	0	0	0	0	0	0	0	0	0	0	0	0	0	0	0	0	2	0	0	4	0	0	0	0
43	Frozen	냉기속성3	0	5	12	100	0	0	2000	4	0	0	0	0	0	0	0	0	30	0	0	0	0	0	0	0	0	0	0	0	0	0	0	0	0	0	0	0	0	0	0	4	0	0	8	0	0	0	0
44	Frozen	냉기속성4	0	5	18	100	0	0	3000	4	0	0	0	0	0	0	0	0	40	0	0	0	0	0	0	0	0	0	0	0	0	0	0	0	0	0	0	0	0	0	0	6	0	0	12	0	0	0	0
45	Frozen	냉기속성5	0	5	24	100	0	0	4000	4	0	0	0	0	0	0	0	0	50	0	0	0	0	0	0	0	0	0	0	0	0	0	0	0	0	0	0	0	0	0	0	8	0	0	16	0	0	0	0
46	Frozen	냉기속성6	0	5	30	100	0	0	5000	4	0	0	0	0	0	0	0	0	60	0	0	0	0	0	0	0	0	0	0	0	0	0	0	0	0	0	0	0	0	0	0	10	0	0	20	0	0	0	0
47	Frozen	냉기속성7	0	5	38	100	0	0	6000	4	0	0	0	0	0	0	0	0	70	0	0	0	0	0	0	1	0	0	0	0	0	0	0	0	0	0	0	0	0	0	0	12	0	0	24	0	0	0	0
48	Frozen	냉기속성8	0	5	50	100	0	0	7000	4	0	0	0	0	0	0	0	0	80	0	0	0	0	0	0	1	0	0	0	0	0	0	0	0	0	0	0	0	0	0	0	14	0	0	28	0	0	0	0
49	Frozen	냉기속성9	0	5	68	100	0	0	8000	4	0	0	0	0	0	0	0	0	90	0	0	0	0	0	0	1	0	0	0	0	0	0	0	0	0	0	0	0	0	0	0	16	0	0	32	0	0	0	0
50	Frozen	냉기속성10	0	5	98	100	0	0	9000	4	0	0	0	0	0	0	0	0	100	0	0	0	0	0	0	1	0	0	0	0	0	0	0	0	0	0	0	0	0	0	0	18	0	0	36	0	0	0	0
51		몹드롭기본형	0	0	0	100	0	0	0	2	0	0	0	0	0	0	0	0	0	0	0	0	0	0	0	0	0	0	0	0	0	0	0	0	0	0	0	0	0	0	0	0	0	0	0	0	0	0	0
52		몹드롭기본2	0	0	3	100	0	0	1000	3	0	0	0	0	0	0	0	0	0	0	0	0	0	0	0	0	0	0	0	0	0	0	0	0	0	0	0	0	0	0	0	2	0	0	4	0	0	0	0
53		몹드롭기본3	0	0	9	100	0	0	2000	4	0	0	0	0	0	0	0	0	0	0	0	0	0	0	0	0	0	0	0	0	0	0	0	0	0	0	0	0	0	0	0	4	0	0	8	0	0	0	0
54		몹드롭기본4	0	0	15	100	0	0	3000	4	0	0	0	0	0	0	0	0	0	0	0	0	0	0	0	0	0	0	0	0	0	0	0	0	0	0	0	0	0	0	0	6	0	0	12	0	0	0	0
55		몹드롭기본5	0	0	21	100	0	0	4000	4	0	0	0	0	0	0	0	0	0	0	0	0	0	0	0	0	0	0	0	0	0	0	0	0	0	0	0	0	0	0	0	8	0	0	16	0	0	0	0
56		몹드롭기본6	0	0	27	100	0	0	5000	4	0	0	0	0	0	0	0	0	0	0	0	0	0	0	0	0	0	0	0	0	0	0	0	0	0	0	0	0	0	0	0	10	0	0	20	0	0	0	0
57		몹드롭기본7	0	0	33	100	0	0	6000	4	0	0	0	0	0	0	0	0	0	0	0	0	0	0	0	0	0	0	0	0	0	0	0	0	0	0	0	0	0	0	0	12	0	0	24	0	0	0	0
58		몹드롭기본8	0	0	39	100	0	0	7000	4	0	0	0	0	0	0	0	0	0	0	0	0	0	0	0	0	0	0	0	0	0	0	0	0	0	0	0	0	0	0	0	14	0	0	28	0	0	0	0
59		몹드롭기본9	0	0	45	100	0	0	8000	4	0	0	0	0	0	0	0	0	0	0	0	0	0	0	0	0	0	0	0	0	0	0	0	0	0	0	0	0	0	0	0	16	0	0	32	0	0	0	0
60	Unique	??	0	4	45	100	0	0	9000	4	0	0	0	0	0	0	0	0	0	0	0	0	0	0	0	0	0	0	0	0	0	0	0	0	0	0	0	0	0	0	0	16	0	0	32	0	0	0	0
61	Strong	몹드롭내구력1	0	1	0	100	0	0	0	2	0	0	0	0	0	0	0	0	0	0	0	0	0	0	0	0	0	0	0	0	0	0	0	0	0	0	0	0	0	0	0	0	0	0	0	0	0	0	0
62	Strong	몹드롭내구력2	0	1	3	100	0	0	1000	3	0	0	0	0	0	0	0	0	0	0	0	0	0	0	0	0	0	0	0	0	0	0	0	0	0	0	0	0	0	0	0	2	0	0	4	0	0	0	0
63	Strong	몹드롭내구력3	0	1	9	100	0	0	2000	4	0	0	0	0	0	0	0	0	0	0	0	0	0	0	0	0	0	0	0	0	0	0	0	0	0	0	0	0	0	0	0	4	0	0	8	0	0	0	0
64	Strong	몹드롭내구력4	0	1	15	100	0	0	3000	4	0	0	0	0	0	0	0	0	0	0	0	0	0	0	0	0	0	0	0	0	0	0	0	0	0	0	0	0	0	0	0	6	0	0	12	0	0	0	0
65	Strong	몹드롭내구력5	0	1	21	100	0	0	4000	4	0	0	0	0	0	0	0	0	0	0	0	0	0	0	0	0	0	0	0	0	0	0	0	0	0	0	0	0	0	0	0	8	0	0	16	0	0	0	0
66	Strong	몹드롭내구력6	0	1	27	100	0	0	5000	4	0	0	0	0	0	0	0	0	0	0	0	0	0	0	0	0	0	0	0	0	0	0	0	0	0	0	0	0	0	0	0	10	0	0	20	0	0	0	0
67	Strong	몹드롭내구력7	0	1	33	100	0	0	6000	4	0	0	0	0	0	0	0	0	0	0	0	0	0	0	0	0	0	0	0	0	0	0	0	0	0	0	0	0	0	0	0	12	0	0	24	0	0	0	0
68	Strong	몹드롭내구력8	0	1	39	100	0	0	7000	4	0	0	0	0	0	0	0	0	0	0	0	0	0	0	0	0	0	0	0	0	0	0	0	0	0	0	0	0	0	0	0	14	0	0	28	0	0	0	0
69	Strong	몹드롭내구력9	0	1	45	100	0	0	8000	4	0	0	0	0	0	0	0	0	0	0	0	0	0	0	0	0	0	0	0	0	0	0	0	0	0	0	0	0	0	0	0	16	0	0	32	0	0	0	0
70	Unique	??	0	4	45	100	0	0	9000	4	0	0	0	0	0	0	0	0	0	0	0	0	0	0	0	0	0	0	0	0	0	0	0	0	0	0	0	0	0	0	0	16	0	0	32	0	0	0	0
71	Stamina	체력1	0	1	0	100	0	0	0	2	0	0	0	0	0	0	0	0	0	0	0	0	0	0	0	0	0	1	0	0	0	0	0	0	0	0	0	0	0	0	0	0	0	0	0	0	0	0	0
72	Stamina	체력2	0	1	3	100	0	0	1000	3	0	0	0	0	0	0	0	0	0	0	0	0	0	0	0	0	0	1	0	0	0	0	0	0	0	0	0	0	0	0	0	2	0	0	4	0	0	0	0
73	Stamina	체력3	0	1	9	100	0	0	2000	4	0	0	0	0	0	0	0	0	0	0	0	0	0	0	0	0	0	3	0	0	0	0	0	0	0	0	0	0	0	0	0	4	0	0	8	0	0	0	0
74	Stamina	체력4	0	1	15	100	0	0	3000	4	0	0	0	0	0	0	0	0	0	0	0	0	0	0	0	0	0	5	0	0	0	0	0	0	0	0	0	0	0	0	0	6	0	0	12	0	0	0	0
75	Stamina	체력5	0	1	21	100	0	0	4000	4	0	0	0	0	0	0	0	0	0	0	0	0	0	0	0	0	0	7	0	0	0	0	0	0	0	0	0	0	0	0	0	8	0	0	16	0	0	0	0
76	Stamina	체력6	0	1	27	100	0	0	5000	4	0	0	0	0	0	0	0	0	0	0	0	0	0	0	0	0	0	9	0	0	0	0	0	0	0	0	0	0	0	0	0	10	0	0	20	0	0	0	0
77	Stamina	체력7	0	1	33	100	0	0	6000	4	0	0	0	0	0	0	0	0	0	0	0	0	0	0	0	0	0	11	0	0	0	0	0	0	0	0	0	0	0	0	0	12	0	0	24	0	0	0	0
78	Stamina	체력8	0	1	39	100	0	0	7000	4	0	0	0	0	0	0	0	0	0	0	0	0	0	0	0	0	0	13	0	0	0	0	0	0	0	0	0	0	0	0	0	14	0	0	28	0	0	0	0
79	Stamina	체력9	0	1	45	100	0	0	8000	4	0	0	0	0	0	0	0	0	0	0	0	0	0	0	0	0	0	15	0	0	0	0	0	0	0	0	0	0	0	0	0	16	0	0	32	0	0	0	0
80	Unique	??	0	4	45	100	0	0	9000	4	0	0	0	0	0	0	0	0	0	0	0	0	0	0	0	0	0	15	0	0	0	0	0	0	0	0	0	0	0	0	0	16	0	0	32	0	0	0	0
81	Agility	민첩1	0	1	0	100	0	0	0	2	0	0	0	0	0	0	0	0	0	0	0	0	0	0	0	0	0	0	1	0	0	0	0	0	0	0	0	0	0	0	0	0	0	0	0	0	0	0	0
82	Agility	민첩2	0	1	3	100	0	0	1000	3	0	0	0	0	0	0	0	0	0	0	0	0	0	0	0	0	0	0	1	0	0	0	0	0	0	0	0	0	0	0	0	2	0	0	4	0	0	0	0
83	Agility	민첩3	0	1	9	100	0	0	2000	4	0	0	0	0	0	0	0	0	0	0	0	0	0	0	0	0	0	0	3	0	0	0	0	0	0	0	0	0	0	0	0	4	0	0	8	0	0	0	0
84	Agility	민첩4	0	1	15	100	0	0	3000	4	0	0	0	0	0	0	0	0	0	0	0	0	0	0	0	0	0	0	5	0	0	0	0	0	0	0	0	0	0	0	0	6	0	0	12	0	0	0	0
85	Agility	민첩5	0	1	21	100	0	0	4000	4	0	0	0	0	0	0	0	0	0	0	0	0	0	0	0	0	0	0	7	0	0	0	0	0	0	0	0	0	0	0	0	8	0	0	16	0	0	0	0
86	Agility	민첩6	0	1	27	100	0	0	5000	4	0	0	0	0	0	0	0	0	0	0	0	0	0	0	0	0	0	0	9	0	0	0	0	0	0	0	0	0	0	0	0	10	0	0	20	0	0	0	0
87	Agility	민첩7	0	1	33	100	0	0	6000	4	0	0	0	0	0	0	0	0	0	0	0	0	0	0	0	0	0	0	11	0	0	0	0	0	0	0	0	0	0	0	0	12	0	0	24	0	0	0	0
88	Agility	민첩8	0	1	39	100	0	0	7000	4	0	0	0	0	0	0	0	0	0	0	0	0	0	0	0	0	0	0	13	0	0	0	0	0	0	0	0	0	0	0	0	14	0	0	28	0	0	0	0
89	Agility	민첩9	0	1	45	100	0	0	8000	4	0	0	0	0	0	0	0	0	0	0	0	0	0	0	0	0	0	0	15	0	0	0	0	0	0	0	0	0	0	0	0	16	0	0	32	0	0	0	0
90	Unique	??	0	4	45	100	0	0	9000	4	0	0	0	0	0	0	0	0	0	0	0	0	0	0	0	0	0	0	15	0	0	0	0	0	0	0	0	0	0	0	0	16	0	0	32	0	0	0	0
91	Wisdom	지능1	0	1	0	100	0	0	0	2	0	0	0	0	0	0	0	0	0	0	0	0	0	0	0	0	0	0	0	1	0	0	0	0	0	0	0	0	0	0	0	0	0	0	0	0	0	0	0
92	Wisdom	지능2	0	1	3	100	0	0	1000	3	0	0	0	0	0	0	0	0	0	0	0	0	0	0	0	0	0	0	0	1	0	0	0	0	0	0	0	0	0	0	0	2	0	0	4	0	0	0	0
93	Wisdom	지능3	0	1	9	100	0	0	2000	4	0	0	0	0	0	0	0	0	0	0	0	0	0	0	0	0	0	0	0	3	0	0	0	0	0	0	0	0	0	0	0	4	0	0	8	0	0	0	0
94	Wisdom	지능4	0	1	15	100	0	0	3000	4	0	0	0	0	0	0	0	0	0	0	0	0	0	0	0	0	0	0	0	5	0	0	0	0	0	0	0	0	0	0	0	6	0	0	12	0	0	0	0
95	Wisdom	지능5	0	1	21	100	0	0	4000	4	0	0	0	0	0	0	0	0	0	0	0	0	0	0	0	0	0	0	0	7	0	0	0	0	0	0	0	0	0	0	0	8	0	0	16	0	0	0	0
96	Wisdom	지능6	0	1	27	100	0	0	5000	4	0	0	0	0	0	0	0	0	0	0	0	0	0	0	0	0	0	0	0	9	0	0	0	0	0	0	0	0	0	0	0	10	0	0	20	0	0	0	0
97	Wisdom	지능7	0	1	33	100	0	0	6000	4	0	0	0	0	0	0	0	0	0	0	0	0	0	0	0	0	0	0	0	11	0	0	0	0	0	0	0	0	0	0	0	12	0	0	24	0	0	0	0
98	Wisdom	지능8	0	1	39	100	0	0	7000	4	0	0	0	0	0	0	0	0	0	0	0	0	0	0	0	0	0	0	0	13	0	0	0	0	0	0	0	0	0	0	0	14	0	0	28	0	0	0	0
99	Wisdom	지능9	0	1	45	100	0	0	8000	4	0	0	0	0	0	0	0	0	0	0	0	0	0	0	0	0	0	0	0	15	0	0	0	0	0	0	0	0	0	0	0	16	0	0	32	0	0	0	0
100	Unique	??	0	4	45	100	0	0	9000	4	0	0	0	0	0	0	0	0	0	0	0	0	0	0	0	0	0	0	0	15	0	0	0	0	0	0	0	0	0	0	0	16	0	0	32	0	0	0	0
101	Salamander	화염저항1	0	1	0	100	0	0	0	2	0	0	0	0	0	0	0	0	0	0	0	0	0	0	0	0	0	0	0	0	0	0	0	1	0	0	0	0	0	0	0	0	0	0	0	0	0	0	0
102	Salamander	화염저항2	0	1	3	100	0	0	1000	3	0	0	0	0	0	0	0	0	0	0	0	0	0	0	0	0	0	0	0	0	0	0	0	1	0	0	0	0	0	0	0	2	0	0	4	0	0	0	0
103	Salamander	화염저항3	0	1	9	100	0	0	2000	4	0	0	0	0	0	0	0	0	0	0	0	0	0	0	0	0	0	0	0	0	0	0	0	4	0	0	0	0	0	0	0	4	0	0	8	0	0	0	0
104	Salamander	화염저항4	0	1	15	100	0	0	3000	4	0	0	0	0	0	0	0	0	0	0	0	0	0	0	0	0	0	0	0	0	0	0	0	7	0	0	0	0	0	0	0	6	0	0	12	0	0	0	0
105	Salamander	화염저항5	0	1	21	100	0	0	4000	4	0	0	0	0	0	0	0	0	0	0	0	0	0	0	0	0	0	0	0	0	0	0	0	10	0	0	0	0	0	0	0	8	0	0	16	0	0	0	0
106	Salamander	화염저항6	0	1	27	100	0	0	5000	4	0	0	0	0	0	0	0	0	0	0	0	0	0	0	0	0	0	0	0	0	0	0	0	13	0	0	0	0	0	0	0	10	0	0	20	0	0	0	0
107	Salamander	화염저항7	0	1	33	100	0	0	6000	4	0	0	0	0	0	0	0	0	0	0	0	0	0	0	0	0	0	0	0	0	0	0	0	16	0	0	0	0	0	0	0	12	0	0	24	0	0	0	0
108	Salamander	화염저항8	0	1	39	100	0	0	7000	4	0	0	0	0	0	0	0	0	0	0	0	0	0	0	0	0	0	0	0	0	0	0	0	19	0	0	0	0	0	0	0	14	0	0	28	0	0	0	0
109	Salamander	화염저항9	0	1	45	100	0	0	8000	4	0	0	0	0	0	0	0	0	0	0	0	0	0	0	0	0	0	0	0	0	0	0	0	22	0	0	0	0	0	0	0	16	0	0	32	0	0	0	0
110	Unique	??	0	4	45	100	0	0	9000	4	0	0	0	0	0	0	0	0	0	0	0	0	0	0	0	0	0	0	0	0	0	0	0	22	0	0	0	0	0	0	0	16	0	0	32	0	0	0	0
111	Discharge	전격저항1	0	1	0	100	0	0	0	2	0	0	0	0	0	0	0	0	0	0	0	0	0	0	0	0	0	0	0	0	0	0	0	0	0	1	0	0	0	0	0	0	0	0	0	0	0	0	0
112	Discharge	전격저항2	0	1	3	100	0	0	1000	3	0	0	0	0	0	0	0	0	0	0	0	0	0	0	0	0	0	0	0	0	0	0	0	0	0	1	0	0	0	0	0	2	0	0	4	0	0	0	0
113	Discharge	전격저항3	0	1	9	100	0	0	2000	4	0	0	0	0	0	0	0	0	0	0	0	0	0	0	0	0	0	0	0	0	0	0	0	0	0	4	0	0	0	0	0	4	0	0	8	0	0	0	0
114	Discharge	전격저항4	0	1	15	100	0	0	3000	4	0	0	0	0	0	0	0	0	0	0	0	0	0	0	0	0	0	0	0	0	0	0	0	0	0	7	0	0	0	0	0	6	0	0	12	0	0	0	0
115	Discharge	전격저항5	0	1	21	100	0	0	4000	4	0	0	0	0	0	0	0	0	0	0	0	0	0	0	0	0	0	0	0	0	0	0	0	0	0	10	0	0	0	0	0	8	0	0	16	0	0	0	0
116	Discharge	전격저항6	0	1	27	100	0	0	5000	4	0	0	0	0	0	0	0	0	0	0	0	0	0	0	0	0	0	0	0	0	0	0	0	0	0	13	0	0	0	0	0	10	0	0	20	0	0	0	0
117	Discharge	전격저항7	0	1	33	100	0	0	6000	4	0	0	0	0	0	0	0	0	0	0	0	0	0	0	0	0	0	0	0	0	0	0	0	0	0	16	0	0	0	0	0	12	0	0	24	0	0	0	0
118	Discharge	전격저항8	0	1	39	100	0	0	7000	4	0	0	0	0	0	0	0	0	0	0	0	0	0	0	0	0	0	0	0	0	0	0	0	0	0	19	0	0	0	0	0	14	0	0	28	0	0	0	0
119	Discharge	전격저항9	0	1	45	100	0	0	8000	4	0	0	0	0	0	0	0	0	0	0	0	0	0	0	0	0	0	0	0	0	0	0	0	0	0	22	0	0	0	0	0	16	0	0	32	0	0	0	0
120	Unique	??	0	4	45	100	0	0	9000	4	0	0	0	0	0	0	0	0	0	0	0	0	0	0	0	0	0	0	0	0	0	0	0	0	0	22	0	0	0	0	0	16	0	0	32	0	0	0	0
121	Soul	마법저항1	0	1	0	100	0	0	0	2	0	0	0	0	0	0	0	0	0	0	0	0	0	0	0	0	0	0	0	0	0	0	0	0	0	0	1	0	0	0	0	0	0	0	0	0	0	0	0
122	Soul	마법저항2	0	1	3	100	0	0	1000	3	0	0	0	0	0	0	0	0	0	0	0	0	0	0	0	0	0	0	0	0	0	0	0	0	0	0	1	0	0	0	0	2	0	0	4	0	0	0	0
123	Soul	마법저항3	0	1	9	100	0	0	2000	4	0	0	0	0	0	0	0	0	0	0	0	0	0	0	0	0	0	0	0	0	0	0	0	0	0	0	4	0	0	0	0	4	0	0	8	0	0	0	0
124	Soul	마법저항4	0	1	15	100	0	0	3000	4	0	0	0	0	0	0	0	0	0	0	0	0	0	0	0	0	0	0	0	0	0	0	0	0	0	0	7	0	0	0	0	6	0	0	12	0	0	0	0
125	Soul	마법저항5	0	1	21	100	0	0	4000	4	0	0	0	0	0	0	0	0	0	0	0	0	0	0	0	0	0	0	0	0	0	0	0	0	0	0	10	0	0	0	0	8	0	0	16	0	0	0	0
126	Soul	마법저항6	0	1	27	100	0	0	5000	4	0	0	0	0	0	0	0	0	0	0	0	0	0	0	0	0	0	0	0	0	0	0	0	0	0	0	13	0	0	0	0	10	0	0	20	0	0	0	0
127	Soul	마법저항7	0	1	33	100	0	0	6000	4	0	0	0	0	0	0	0	0	0	0	0	0	0	0	0	0	0	0	0	0	0	0	0	0	0	0	16	0	0	0	0	12	0	0	24	0	0	0	0
128	Soul	마법저항8	0	1	39	100	0	0	7000	4	0	0	0	0	0	0	0	0	0	0	0	0	0	0	0	0	0	0	0	0	0	0	0	0	0	0	19	0	0	0	0	14	0	0	28	0	0	0	0
129	Soul	마법저항9	0	1	45	100	0	0	8000	4	0	0	0	0	0	0	0	0	0	0	0	0	0	0	0	0	0	0	0	0	0	0	0	0	0	0	22	0	0	0	0	16	0	0	32	0	0	0	0
130	Unique	??	0	4	45	100	0	0	9000	4	0	0	0	0	0	0	0	0	0	0	0	0	0	0	0	0	0	0	0	0	0	0	0	0	0	0	22	0	0	0	0	16	0	0	32	0	0	0	0
131	Blood	독저항1	0	1	0	100	0	0	0	2	0	0	0	0	0	0	0	0	0	0	0	0	0	0	0	0	0	0	0	0	0	0	0	0	0	0	0	1	0	0	0	0	0	0	0	0	0	0	0
132	Blood	독저항2	0	1	3	100	0	0	1000	3	0	0	0	0	0	0	0	0	0	0	0	0	0	0	0	0	0	0	0	0	0	0	0	0	0	0	0	1	0	0	0	2	0	0	4	0	0	0	0
133	Blood	독저항3	0	1	9	100	0	0	2000	4	0	0	0	0	0	0	0	0	0	0	0	0	0	0	0	0	0	0	0	0	0	0	0	0	0	0	0	4	0	0	0	4	0	0	8	0	0	0	0
134	Blood	독저항4	0	1	15	100	0	0	3000	4	0	0	0	0	0	0	0	0	0	0	0	0	0	0	0	0	0	0	0	0	0	0	0	0	0	0	0	7	0	0	0	6	0	0	12	0	0	0	0
135	Blood	독저항5	0	1	21	100	0	0	4000	4	0	0	0	0	0	0	0	0	0	0	0	0	0	0	0	0	0	0	0	0	0	0	0	0	0	0	0	10	0	0	0	8	0	0	16	0	0	0	0
136	Blood	독저항6	0	1	27	100	0	0	5000	4	0	0	0	0	0	0	0	0	0	0	0	0	0	0	0	0	0	0	0	0	0	0	0	0	0	0	0	13	0	0	0	10	0	0	20	0	0	0	0
137	Blood	독저항7	0	1	33	100	0	0	6000	4	0	0	0	0	0	0	0	0	0	0	0	0	0	0	0	0	0	0	0	0	0	0	0	0	0	0	0	16	0	0	0	12	0	0	24	0	0	0	0
138	Blood	독저항8	0	1	39	100	0	0	7000	4	0	0	0	0	0	0	0	0	0	0	0	0	0	0	0	0	0	0	0	0	0	0	0	0	0	0	0	19	0	0	0	14	0	0	28	0	0	0	0
139	Blood	독저항9	0	1	45	100	0	0	8000	4	0	0	0	0	0	0	0	0	0	0	0	0	0	0	0	0	0	0	0	0	0	0	0	0	0	0	0	22	0	0	0	16	0	0	32	0	0	0	0
140	Unique	??	0	4	45	100	0	0	9000	4	0	0	0	0	0	0	0	0	0	0	0	0	0	0	0	0	0	0	0	0	0	0	0	0	0	0	0	22	0	0	0	16	0	0	32	0	0	0	0
141	Holy	저주저항1	0	1	0	100	0	0	0	2	0	0	0	0	0	0	0	0	0	0	0	0	0	0	0	0	0	0	0	0	0	0	0	0	0	0	0	0	1	0	0	0	0	0	0	0	0	0	0
142	Holy	저주저항2	0	1	3	100	0	0	1000	3	0	0	0	0	0	0	0	0	0	0	0	0	0	0	0	0	0	0	0	0	0	0	0	0	0	0	0	0	1	0	0	2	0	0	4	0	0	0	0
143	Holy	저주저항3	0	1	9	100	0	0	2000	4	0	0	0	0	0	0	0	0	0	0	0	0	0	0	0	0	0	0	0	0	0	0	0	0	0	0	0	0	4	0	0	4	0	0	8	0	0	0	0
144	Holy	저주저항4	0	1	15	100	0	0	3000	4	0	0	0	0	0	0	0	0	0	0	0	0	0	0	0	0	0	0	0	0	0	0	0	0	0	0	0	0	7	0	0	6	0	0	12	0	0	0	0
145	Holy	저주저항5	0	1	21	100	0	0	4000	4	0	0	0	0	0	0	0	0	0	0	0	0	0	0	0	0	0	0	0	0	0	0	0	0	0	0	0	0	10	0	0	8	0	0	16	0	0	0	0
146	Holy	저주저항6	0	1	27	100	0	0	5000	4	0	0	0	0	0	0	0	0	0	0	0	0	0	0	0	0	0	0	0	0	0	0	0	0	0	0	0	0	13	0	0	10	0	0	20	0	0	0	0
147	Holy	저주저항7	0	1	33	100	0	0	6000	4	0	0	0	0	0	0	0	0	0	0	0	0	0	0	0	0	0	0	0	0	0	0	0	0	0	0	0	0	16	0	0	12	0	0	24	0	0	0	0
148	Holy	저주저항8	0	1	39	100	0	0	7000	4	0	0	0	0	0	0	0	0	0	0	0	0	0	0	0	0	0	0	0	0	0	0	0	0	0	0	0	0	19	0	0	14	0	0	28	0	0	0	0
149	Holy	저주저항9	0	1	45	100	0	0	8000	4	0	0	0	0	0	0	0	0	0	0	0	0	0	0	0	0	0	0	0	0	0	0	0	0	0	0	0	0	22	0	0	16	0	0	32	0	0	0	0
150	Unique	??	0	4	45	100	0	0	9000	4	0	0	0	0	0	0	0	0	0	0	0	0	0	0	0	0	0	0	0	0	0	0	0	0	0	0	0	0	22	0	0	16	0	0	32	0	0	0	0
151	Blast	레벨제한감소1	0	1	0	100	0	0	0	2	0	0	0	0	0	0	0	0	0	0	0	0	0	0	0	0	0	0	0	0	0	0	0	0	0	0	0	0	0	0	0	-16	0	0	0	0	0	0	0
152	Blast	레벨제한감소2	0	1	3	100	0	0	1000	3	0	0	0	0	0	0	0	0	0	0	0	0	0	0	0	0	0	0	0	0	0	0	0	0	0	0	0	0	0	0	0	-14	0	0	4	0	0	0	0
153	Blast	레벨제한감소3	0	1	9	100	0	0	2000	4	0	0	0	0	0	0	0	0	0	0	0	0	0	0	0	0	0	0	0	0	0	0	0	0	0	0	0	0	0	0	0	-12	0	0	8	0	0	0	0
154	Blast	레벨제한감소4	0	1	15	100	0	0	3000	4	0	0	0	0	0	0	0	0	0	0	0	0	0	0	0	0	0	0	0	0	0	0	0	0	0	0	0	0	0	0	0	-10	0	0	12	0	0	0	0
155	Blast	레벨제한감소5	0	1	21	100	0	0	4000	4	0	0	0	0	0	0	0	0	0	0	0	0	0	0	0	0	0	0	0	0	0	0	0	0	0	0	0	0	0	0	0	-8	0	0	16	0	0	0	0
156	Blast	레벨제한감소6	0	1	27	100	0	0	5000	4	0	0	0	0	0	0	0	0	0	0	0	0	0	0	0	0	0	0	0	0	0	0	0	0	0	0	0	0	0	0	0	-6	0	0	20	0	0	0	0
157	Blast	레벨제한감소7	0	1	33	100	0	0	6000	4	0	0	0	0	0	0	0	0	0	0	0	0	0	0	0	0	0	0	0	0	0	0	0	0	0	0	0	0	0	0	0	-4	0	0	24	0	0	0	0
158	Blast	레벨제한감소8	0	1	39	100	0	0	7000	4	0	0	0	0	0	0	0	0	0	0	0	0	0	0	0	0	0	0	0	0	0	0	0	0	0	0	0	0	0	0	0	-2	0	0	28	0	0	0	0
159	Blast	레벨제한감소9	0	1	45	100	0	0	8000	4	0	0	0	0	0	0	0	0	0	0	0	0	0	0	0	0	0	0	0	0	0	0	0	0	0	0	0	0	0	0	0	0	0	0	32	0	0	0	0
160	Unique	??	0	4	45	100	0	0	9000	4	0	0	0	0	0	0	0	0	0	0	0	0	0	0	0	0	0	0	0	0	0	0	0	0	0	0	0	0	0	0	0	0	0	0	32	0	0	0	0
161	Burning	불속성1	0	2	0	100	0	0	0	2	0	0	0	0	0	0	0	8	0	0	0	0	0	0	0	0	0	0	0	0	0	0	0	0	0	0	0	0	0	0	0	0	0	0	0	0	0	0	0
162	Burning	불속성2	0	2	3	100	0	0	1000	3	0	0	0	0	0	0	0	16	0	0	0	0	0	0	0	0	0	0	0	0	0	0	0	0	0	0	0	0	0	0	0	2	0	0	4	0	0	0	0
163	Burning	불속성3	0	2	9	100	0	0	2000	4	0	0	0	0	0	0	0	24	0	0	0	0	0	0	0	0	0	0	0	0	0	0	0	0	0	0	0	0	0	0	0	4	0	0	8	0	0	0	0
164	Burning	불속성4	0	2	15	100	0	0	3000	4	0	0	0	0	0	0	0	32	0	0	0	0	0	0	0	0	0	0	0	0	0	0	0	0	0	0	0	0	0	0	0	6	0	0	12	0	0	0	0
165	Burning	불속성5	0	2	21	100	0	0	4000	4	0	0	0	0	0	0	0	40	0	0	0	0	0	0	0	0	0	0	0	0	0	0	0	0	0	0	0	0	0	0	0	8	0	0	16	0	0	0	0
166	Burning	불속성6	0	2	27	100	0	0	5000	4	0	0	0	0	0	0	0	48	0	0	0	0	0	0	0	0	0	0	0	0	0	0	0	0	0	0	0	0	0	0	0	10	0	0	20	0	0	0	0
167	Burning	불속성7	0	2	33	100	0	0	6000	4	0	0	0	0	0	0	0	56	0	0	0	0	0	0	0	0	0	0	0	0	0	0	0	0	0	0	0	0	0	0	0	12	0	0	24	0	0	0	0
168	Burning	불속성8	0	2	39	100	0	0	7000	4	0	0	0	0	0	0	0	64	0	0	0	0	0	0	0	0	0	0	0	0	0	0	0	0	0	0	0	0	0	0	0	14	0	0	28	0	0	0	0
169	Burning	불속성9	0	2	45	100	0	0	8000	4	0	0	0	0	0	0	0	72	0	0	0	0	0	0	0	0	0	0	0	0	0	0	0	0	0	0	0	0	0	0	0	16	0	0	32	0	0	0	0
170	Unique	??	0	4	45	100	0	0	9000	4	0	0	0	0	0	0	0	72	0	0	0	0	0	0	0	0	0	0	0	0	0	0	0	0	0	0	0	0	0	0	0	16	0	0	32	0	0	0	0
171	Lightning	전격속성1	0	2	0	100	0	0	0	2	0	0	0	0	0	0	0	0	0	8	0	0	0	0	0	0	0	0	0	0	0	0	0	0	0	0	0	0	0	0	0	0	0	0	0	0	0	0	0
172	Lightning	전격속성2	0	2	3	100	0	0	1000	3	0	0	0	0	0	0	0	0	0	16	0	0	0	0	0	0	0	0	0	0	0	0	0	0	0	0	0	0	0	0	0	2	0	0	4	0	0	0	0
173	Lightning	전격속성3	0	2	9	100	0	0	2000	4	0	0	0	0	0	0	0	0	0	24	0	0	0	0	0	0	0	0	0	0	0	0	0	0	0	0	0	0	0	0	0	4	0	0	8	0	0	0	0
174	Lightning	전격속성4	0	2	15	100	0	0	3000	4	0	0	0	0	0	0	0	0	0	32	0	0	0	0	0	0	0	0	0	0	0	0	0	0	0	0	0	0	0	0	0	6	0	0	12	0	0	0	0
175	Lightning	전격속성5	0	2	21	100	0	0	4000	4	0	0	0	0	0	0	0	0	0	40	0	0	0	0	0	0	0	0	0	0	0	0	0	0	0	0	0	0	0	0	0	8	0	0	16	0	0	0	0
176	Lightning	전격속성6	0	2	27	100	0	0	5000	4	0	0	0	0	0	0	0	0	0	48	0	0	0	0	0	0	0	0	0	0	0	0	0	0	0	0	0	0	0	0	0	10	0	0	20	0	0	0	0
177	Lightning	전격속성7	0	2	33	100	0	0	6000	4	0	0	0	0	0	0	0	0	0	56	0	0	0	0	0	0	0	0	0	0	0	0	0	0	0	0	0	0	0	0	0	12	0	0	24	0	0	0	0
178	Lightning	전격속성8	0	2	39	100	0	0	7000	4	0	0	0	0	0	0	0	0	0	64	0	0	0	0	0	0	0	0	0	0	0	0	0	0	0	0	0	0	0	0	0	14	0	0	28	0	0	0	0
179	Lightning	전격속성9	0	2	45	100	0	0	8000	4	0	0	0	0	0	0	0	0	0	72	0	0	0	0	0	0	0	0	0	0	0	0	0	0	0	0	0	0	0	0	0	16	0	0	32	0	0	0	0
180	Unique	??	0	4	45	100	0	0	9000	4	0	0	0	0	0	0	0	0	0	72	0	0	0	0	0	0	0	0	0	0	0	0	0	0	0	0	0	0	0	0	0	16	0	0	32	0	0	0	0
181	Viper	독속성1	0	2	0	100	0	0	0	2	0	0	0	0	0	0	0	0	0	0	8	0	0	0	0	0	0	0	0	0	0	0	0	0	0	0	0	0	0	0	0	0	0	0	0	0	0	0	0
182	Viper	독속성2	0	2	3	100	0	0	1000	3	0	0	0	0	0	0	0	0	0	0	16	0	0	0	0	0	0	0	0	0	0	0	0	0	0	0	0	0	0	0	0	2	0	0	4	0	0	0	0
183	Viper	독속성3	0	2	9	100	0	0	2000	4	0	0	0	0	0	0	0	0	0	0	24	0	0	0	0	0	0	0	0	0	0	0	0	0	0	0	0	0	0	0	0	4	0	0	8	0	0	0	0
184	Viper	독속성4	0	2	15	100	0	0	3000	4	0	0	0	0	0	0	0	0	0	0	32	0	0	0	0	0	0	0	0	0	0	0	0	0	0	0	0	0	0	0	0	6	0	0	12	0	0	0	0
185	Viper	독속성5	0	2	21	100	0	0	4000	4	0	0	0	0	0	0	0	0	0	0	40	0	0	0	0	0	0	0	0	0	0	0	0	0	0	0	0	0	0	0	0	8	0	0	16	0	0	0	0
186	Viper	독속성6	0	2	27	100	0	0	5000	4	0	0	0	0	0	0	0	0	0	0	48	0	0	0	0	0	0	0	0	0	0	0	0	0	0	0	0	0	0	0	0	10	0	0	20	0	0	0	0
187	Viper	독속성7	0	2	33	100	0	0	6000	4	0	0	0	0	0	0	0	0	0	0	56	0	0	0	0	0	0	0	0	0	0	0	0	0	0	0	0	0	0	0	0	12	0	0	24	0	0	0	0
188	Viper	독속성8	0	2	39	100	0	0	7000	4	0	0	0	0	0	0	0	0	0	0	64	0	0	0	0	0	0	0	0	0	0	0	0	0	0	0	0	0	0	0	0	14	0	0	28	0	0	0	0
189	Viper	독속성9	0	2	45	100	0	0	8000	4	0	0	0	0	0	0	0	0	0	0	72	0	0	0	0	0	0	0	0	0	0	0	0	0	0	0	0	0	0	0	0	16	0	0	32	0	0	0	0
190	Unique	??	0	4	45	100	0	0	9000	4	0	0	0	0	0	0	0	0	0	0	72	0	0	0	0	0	0	0	0	0	0	0	0	0	0	0	0	0	0	0	0	16	0	0	32	0	0	0	0
191	Vampire	HP흡수1	0	2	0	100	0	0	0	2	0	0	0	0	0	0	0	0	0	0	0	10	0	0	0	0	0	0	0	0	0	0	0	0	0	0	0	0	0	0	0	0	0	0	0	0	0	0	0
192	Vampire	HP흡수2	0	2	3	100	0	0	1000	3	0	0	0	0	0	0	0	0	0	0	0	10	0	0	0	0	0	0	0	0	0	0	0	0	0	0	0	0	0	0	0	2	0	0	4	0	0	0	0
193	Vampire	HP흡수3	0	2	9	100	0	0	2000	4	0	0	0	0	0	0	0	0	0	0	0	10	0	0	0	0	0	0	0	0	0	0	0	0	0	0	0	0	0	0	0	4	0	0	8	0	0	0	0
194	Vampire	HP흡수4	0	2	15	100	0	0	3000	4	0	0	0	0	0	0	0	0	0	0	0	10	0	0	0	0	0	0	0	0	0	0	0	0	0	0	0	0	0	0	0	6	0	0	12	0	0	0	0
195	Vampire	HP흡수5	0	2	21	100	0	0	4000	4	0	0	0	0	0	0	0	0	0	0	0	10	0	0	0	0	0	0	0	0	0	0	0	0	0	0	0	0	0	0	0	8	0	0	16	0	0	0	0
196	Vampire	HP흡수6	0	2	27	100	0	0	5000	4	0	0	0	0	0	0	0	0	0	0	0	10	0	0	0	0	0	0	0	0	0	0	0	0	0	0	0	0	0	0	0	10	0	0	20	0	0	0	0
197	Vampire	HP흡수7	0	2	33	100	0	0	6000	4	0	0	0	0	0	0	0	0	0	0	0	10	0	0	0	0	0	0	0	0	0	0	0	0	0	0	0	0	0	0	0	12	0	0	24	0	0	0	0
198	Vampire	HP흡수8	0	2	39	100	0	0	7000	4	0	0	0	0	0	0	0	0	0	0	0	10	0	0	0	0	0	0	0	0	0	0	0	0	0	0	0	0	0	0	0	14	0	0	28	0	0	0	0
199	Vampire	HP흡수9	0	2	45	100	0	0	8000	4	0	0	0	0	0	0	0	0	0	0	0	10	0	0	0	0	0	0	0	0	0	0	0	0	0	0	0	0	0	0	0	16	0	0	32	0	0	0	0
200	Unique	??	0	4	45	100	0	0	9000	4	0	0	0	0	0	0	0	0	0	0	0	10	0	0	0	0	0	0	0	0	0	0	0	0	0	0	0	0	0	0	0	16	0	0	32	0	0	0	0
201	Panic	마나타격1	0	2	0	100	0	0	0	2	0	0	0	0	0	0	0	0	0	0	0	0	8	0	0	0	0	0	0	0	0	0	0	0	0	0	0	0	0	0	0	0	0	0	0	0	0	0	0
202	Panic	마나타격2	0	2	3	100	0	0	1000	3	0	0	0	0	0	0	0	0	0	0	0	0	16	0	0	0	0	0	0	0	0	0	0	0	0	0	0	0	0	0	0	2	0	0	4	0	0	0	0
203	Panic	마나타격3	0	2	9	100	0	0	2000	4	0	0	0	0	0	0	0	0	0	0	0	0	24	0	0	0	0	0	0	0	0	0	0	0	0	0	0	0	0	0	0	4	0	0	8	0	0	0	0
204	Panic	마나타격4	0	2	15	100	0	0	3000	4	0	0	0	0	0	0	0	0	0	0	0	0	32	0	0	0	0	0	0	0	0	0	0	0	0	0	0	0	0	0	0	6	0	0	12	0	0	0	0
205	Panic	마나타격5	0	2	21	100	0	0	4000	4	0	0	0	0	0	0	0	0	0	0	0	0	40	0	0	0	0	0	0	0	0	0	0	0	0	0	0	0	0	0	0	8	0	0	16	0	0	0	0
206	Panic	마나타격6	0	2	27	100	0	0	5000	4	0	0	0	0	0	0	0	0	0	0	0	0	48	0	0	0	0	0	0	0	0	0	0	0	0	0	0	0	0	0	0	10	0	0	20	0	0	0	0
207	Panic	마나타격7	0	2	33	100	0	0	6000	4	0	0	0	0	0	0	0	0	0	0	0	0	56	0	0	0	0	0	0	0	0	0	0	0	0	0	0	0	0	0	0	12	0	0	24	0	0	0	0
208	Panic	마나타격8	0	2	39	100	0	0	7000	4	0	0	0	0	0	0	0	0	0	0	0	0	64	0	0	0	0	0	0	0	0	0	0	0	0	0	0	0	0	0	0	14	0	0	28	0	0	0	0
209	Panic	마나타격9	0	2	45	100	0	0	8000	4	0	0	0	0	0	0	0	0	0	0	0	0	72	0	0	0	0	0	0	0	0	0	0	0	0	0	0	0	0	0	0	16	0	0	32	0	0	0	0
210	Unique	??	0	4	45	100	0	0	9000	4	0	0	0	0	0	0	0	0	0	0	0	0	72	0	0	0	0	0	0	0	0	0	0	0	0	0	0	0	0	0	0	16	0	0	32	0	0	0	0
211	Enchant	마나흡수1	0	2	0	100	0	0	0	2	0	0	0	0	0	0	0	0	0	0	0	0	0	10	0	0	0	0	0	0	0	0	0	0	0	0	0	0	0	0	0	0	0	0	0	0	0	0	0
212	Enchant	마나흡수2	0	2	3	100	0	0	1000	3	0	0	0	0	0	0	0	0	0	0	0	0	0	10	0	0	0	0	0	0	0	0	0	0	0	0	0	0	0	0	0	2	0	0	4	0	0	0	0
213	Enchant	마나흡수3	0	2	9	100	0	0	2000	4	0	0	0	0	0	0	0	0	0	0	0	0	0	10	0	0	0	0	0	0	0	0	0	0	0	0	0	0	0	0	0	4	0	0	8	0	0	0	0
214	Enchant	마나흡수4	0	2	15	100	0	0	3000	4	0	0	0	0	0	0	0	0	0	0	0	0	0	10	0	0	0	0	0	0	0	0	0	0	0	0	0	0	0	0	0	6	0	0	12	0	0	0	0
215	Enchant	마나흡수5	0	2	21	100	0	0	4000	4	0	0	0	0	0	0	0	0	0	0	0	0	0	10	0	0	0	0	0	0	0	0	0	0	0	0	0	0	0	0	0	8	0	0	16	0	0	0	0
216	Enchant	마나흡수6	0	2	27	100	0	0	5000	4	0	0	0	0	0	0	0	0	0	0	0	0	0	10	0	0	0	0	0	0	0	0	0	0	0	0	0	0	0	0	0	10	0	0	20	0	0	0	0
217	Enchant	마나흡수7	0	2	33	100	0	0	6000	4	0	0	0	0	0	0	0	0	0	0	0	0	0	10	0	0	0	0	0	0	0	0	0	0	0	0	0	0	0	0	0	12	0	0	24	0	0	0	0
218	Enchant	마나흡수8	0	2	39	100	0	0	7000	4	0	0	0	0	0	0	0	0	0	0	0	0	0	10	0	0	0	0	0	0	0	0	0	0	0	0	0	0	0	0	0	14	0	0	28	0	0	0	0
219	Enchant	마나흡수9	0	2	45	100	0	0	8000	4	0	0	0	0	0	0	0	0	0	0	0	0	0	10	0	0	0	0	0	0	0	0	0	0	0	0	0	0	0	0	0	16	0	0	32	0	0	0	0
220	Unique	??	0	4	45	100	0	0	9000	4	0	0	0	0	0	0	0	0	0	0	0	0	0	10	0	0	0	0	0	0	0	0	0	0	0	0	0	0	0	0	0	16	0	0	32	0	0	0	0
221		몹드롭기타1	0	2	0	100	0	0	0	2	0	0	0	0	0	0	0	0	0	0	0	0	0	0	0	0	0	0	0	0	0	0	0	0	0	0	0	0	0	0	0	0	0	0	0	0	0	0	0
222		몹드롭기타2	0	2	3	100	0	0	1000	3	0	0	0	0	0	0	0	0	0	0	0	0	0	0	0	0	0	0	0	0	0	0	0	0	0	0	0	0	0	0	0	2	0	0	4	0	0	0	0
223		몹드롭기타3	0	2	9	100	0	0	2000	4	0	0	0	0	0	0	0	0	0	0	0	0	0	0	0	0	0	0	0	0	0	0	0	0	0	0	0	0	0	0	0	4	0	0	8	0	0	0	0
224		몹드롭기타4	0	2	15	100	0	0	3000	4	0	0	0	0	0	0	0	0	0	0	0	0	0	0	0	0	0	0	0	0	0	0	0	0	0	0	0	0	0	0	0	6	0	0	12	0	0	0	0
225		몹드롭기타5	0	2	21	100	0	0	4000	4	0	0	0	0	0	0	0	0	0	0	0	0	0	0	0	0	0	0	0	0	0	0	0	0	0	0	0	0	0	0	0	8	0	0	16	0	0	0	0
226		몹드롭기타6	0	2	27	100	0	0	5000	4	0	0	0	0	0	0	0	0	0	0	0	0	0	0	0	0	0	0	0	0	0	0	0	0	0	0	0	0	0	0	0	10	0	0	20	0	0	0	0
227		몹드롭기타7	0	2	33	100	0	0	6000	4	0	0	0	0	0	0	0	0	0	0	0	0	0	0	0	0	0	0	0	0	0	0	0	0	0	0	0	0	0	0	0	12	0	0	24	0	0	0	0
228		몹드롭기타8	0	2	39	100	0	0	7000	4	0	0	0	0	0	0	0	0	0	0	0	0	0	0	0	0	0	0	0	0	0	0	0	0	0	0	0	0	0	0	0	14	0	0	28	0	0	0	0
229		몹드롭기타9	0	2	45	100	0	0	8000	4	0	0	0	0	0	0	0	0	0	0	0	0	0	0	0	0	0	0	0	0	0	0	0	0	0	0	0	0	0	0	0	16	0	0	32	0	0	0	0
230	Unique	??	0	4	45	100	0	0	9000	4	0	0	0	0	0	0	0	0	0	0	0	0	0	0	0	0	0	0	0	0	0	0	0	0	0	0	0	0	0	0	0	16	0	0	32	0	0	0	0
255	Javana Axe	자바나	13621000	4	45	100	0	0	8000	1	0	0	0	0	0	0	0	0	30	0	0	0	0	0	0	0	0	5	0	0	0	0	100	0	0	0	0	0	0	0	0	0	0	0	32	0	0	0	0
256	Gigantic Axe	쌈마	13621000	4	52	100	0	0	8000	1	0	0	0	0	0	0	0	0	0	40	0	0	0	0	0	0	0	0	5	0	0	80	80	0	0	0	0	0	0	0	0	0	0	0	32	0	0	0	0
258	Javana Axe	자바나	13621000	4	60	100	0	0	8000	1	0	0	0	0	0	0	0	0	40	0	0	0	0	0	0	0	0	5	0	0	0	0	150	0	0	0	0	0	0	0	0	0	0	0	32	0	0	0	0
259	Gigantic Axe	쌈마	13621000	4	75	100	0	0	8000	1	0	0	0	0	0	0	0	0	0	50	0	0	0	0	0	0	0	0	5	0	0	100	100	0	0	0	0	0	0	0	0	0	0	0	32	0	0	0	0
261	Giantic Axe(+1)	업글 자바나	13621000	4	60	100	0	0	8000	1	0	0	0	0	0	0	0	0	40	0	0	0	0	0	0	0	0	5	0	0	0	0	100	0	0	0	0	0	0	0	0	0	0	0	32	0	0	0	0
262	Giantic Axe(+2)	업글 자바나	13621000	4	66	100	0	0	8000	1	0	0	0	0	0	0	0	0	50	0	0	0	0	0	0	0	0	6	0	0	0	0	130	0	0	0	0	0	0	0	0	0	0	0	33	0	0	0	0
263	Giantic Axe(+3)	업글 자바나	13621000	4	72	100	0	0	8000	1	0	0	0	0	0	0	0	0	60	0	0	0	0	0	0	0	0	7	0	0	0	0	160	0	0	0	0	0	0	0	0	0	0	0	34	0	0	0	0
264	Giantic Axe(+4)	업글 자바나	13621000	4	78	100	0	0	8000	1	0	0	0	0	0	0	0	0	70	0	0	0	0	0	0	0	0	8	0	0	0	0	190	0	0	0	0	0	0	0	0	0	0	0	35	0	0	0	0
265	Giantic Axe(+5)	업글 자바나	13621000	4	84	100	0	0	8000	1	0	0	0	0	0	0	0	0	80	0	0	0	0	0	0	0	0	9	0	0	0	0	220	0	0	0	0	0	0	0	0	0	0	0	36	0	0	0	0
266	Giantic Axe(+6)	업글 자바나	13621000	4	90	100	0	0	8000	1	0	0	0	0	0	0	0	0	90	0	0	0	0	0	0	0	0	10	0	0	0	0	250	0	0	0	0	0	0	0	0	0	0	0	37	0	0	0	0
267	Giantic Axe(+7)	업글 자바나	13621000	4	98	100	0	0	8000	1	0	0	0	0	0	0	0	0	100	0	0	0	0	0	0	0	0	11	0	0	0	0	280	10	10	10	0	0	0	0	0	0	0	0	38	0	0	0	0
268	Giantic Axe(+8)	업글 자바나	13621000	4	110	100	0	0	8000	1	0	0	0	0	0	0	0	0	110	0	0	0	0	0	0	0	0	12	0	0	0	0	310	15	15	15	0	0	0	0	0	0	0	0	39	0	0	0	0
269	Giantic Axe(+9)	업글 자바나	13621000	4	128	100	0	0	8000	1	0	0	0	0	0	0	0	0	120	0	0	0	0	0	0	0	0	13	0	0	0	0	350	20	20	20	0	0	0	0	0	0	0	0	40	0	0	0	0
270	Giantic Axe(+10)	업글 자바나	13621000	4	158	100	0	0	8000	1	0	0	0	0	0	0	0	0	130	0	0	0	0	0	0	0	0	14	0	0	0	0	400	25	25	25	0	0	0	0	0	0	0	0	41	0	0	0	0
271	Giantic Axe(+1)	업글 기간틱	13621000	4	75	100	0	0	8000	1	0	0	0	0	0	0	0	0	0	50	0	0	0	0	0	0	0	0	5	0	0	100	100	0	0	0	0	0	0	0	0	0	0	0	32	0	0	0	0
272	Giantic Axe(+2)	업글 기간틱	13621000	4	81	100	0	0	8000	1	0	0	0	0	0	0	0	0	0	60	0	0	0	0	0	0	0	0	6	0	0	130	130	0	0	0	0	0	0	0	0	0	0	0	33	0	0	0	0
273	Giantic Axe(+3)	업글 기간틱	13621000	4	87	100	0	0	8000	1	0	0	0	0	0	0	0	0	0	70	0	0	0	0	0	0	0	0	7	0	0	160	160	0	0	0	0	0	0	0	0	0	0	0	34	0	0	0	0
274	Giantic Axe(+4)	업글 기간틱	13621000	4	93	100	0	0	8000	1	0	0	0	0	0	0	0	0	0	80	0	0	0	0	0	0	0	0	8	0	0	190	190	0	0	0	0	0	0	0	0	0	0	0	35	0	0	0	0
275	Giantic Axe(+5)	업글 기간틱	13621000	4	99	100	0	0	8000	1	0	0	0	0	0	0	0	0	0	90	0	0	0	0	0	0	0	0	9	0	0	220	220	0	0	0	0	0	0	0	0	0	0	0	36	0	0	0	0
276	Giantic Axe(+6)	업글 기간틱	13621000	4	105	100	0	0	8000	1	0	0	0	0	0	0	0	0	0	100	0	0	0	0	0	0	0	0	10	0	0	250	250	10	10	10	0	0	0	0	0	0	0	0	37	0	0	0	0
277	Giantic Axe(+7)	업글 기간틱	13621000	4	113	100	0	0	8000	1	0	0	0	0	0	0	0	0	0	110	0	0	0	0	0	0	0	0	11	0	0	280	280	15	15	15	0	0	0	0	0	0	0	0	38	0	0	0	0
278	Giantic Axe(+8)	업글 기간틱	13621000	4	125	100	0	0	8000	1	0	0	0	0	0	0	0	0	0	120	0	0	0	0	0	0	0	0	12	0	0	310	310	20	20	20	0	0	0	0	0	0	0	0	39	0	0	0	0
279	Giantic Axe(+9)	업글 기간틱	13621000	4	143	100	0	0	8000	1	0	0	0	0	0	0	0	0	0	130	0	0	0	0	0	0	0	0	13	0	0	350	350	25	25	25	0	0	0	0	0	0	0	0	40	0	0	0	0
280	Giantic Axe(+10)	업글 기간틱	13621000	4	173	100	0	0	8000	1	0	0	0	0	0	0	0	0	0	140	0	0	0	0	0	0	0	0	14	0	0	400	400	30	30	30	0	0	0	0	0	0	0	0	41	0	0	0	0
