0		기본	0	0	0	0	0	0	0	1	0	0	0	0	0	0	0	0	0	0	0	0	0	0	0	0	0	0	0	0	0	0	0	0	0	0	0	0	0	0	0	0	0	0	0	0	0	0	0
1	Strength	힘	0	1	0	0	0	0	0	2	0	0	0	0	0	0	0	0	0	0	0	0	0	0	0	0	1	0	0	0	0	0	0	0	0	0	0	0	0	0	0	2	0	0	0	0	0	0	0
2	Strength	힘	0	1	0	0	0	0	0	3	0	0	0	0	0	0	0	0	0	0	0	0	0	0	0	0	2	0	0	0	0	0	0	0	0	0	0	0	0	0	0	4	0	0	0	0	0	0	0
3	Strength	힘	0	1	0	0	0	0	0	4	0	0	0	0	0	0	0	0	0	0	0	0	0	0	0	0	3	0	0	0	0	0	0	0	0	0	0	0	0	0	0	6	0	0	0	0	0	0	0
4	Strength	힘	0	1	0	0	0	0	0	4	0	0	0	0	0	0	0	0	0	0	0	0	0	0	0	0	4	0	0	0	0	0	0	0	0	0	0	0	0	0	0	8	0	0	0	0	0	0	0
5	Strength	힘	0	5	0	0	0	0	0	4	0	0	0	0	0	0	0	0	0	0	0	0	0	0	0	0	5	0	0	0	0	0	0	0	0	0	0	0	0	0	0	10	0	0	0	0	0	0	0
6	Strength	힘	0	5	0	0	0	0	0	4	0	0	0	0	0	0	0	0	0	0	0	0	0	0	0	0	6	0	0	0	0	0	0	0	0	0	0	0	0	0	0	12	0	0	0	0	0	0	0
7	Strength	힘	0	5	0	0	0	0	0	4	0	0	0	0	0	0	0	0	0	0	0	0	0	0	0	0	7	0	0	0	0	0	0	0	0	0	0	0	0	0	0	14	0	0	0	0	0	0	0
8	Strength	힘	0	5	0	0	0	0	0	4	0	0	0	0	0	0	0	0	0	0	0	0	0	0	0	0	8	0	0	0	0	0	0	0	0	0	0	0	0	0	0	16	0	0	0	0	0	0	0
9	Strength	힘	0	5	0	0	0	0	0	4	0	0	0	0	0	0	0	0	0	0	0	0	0	0	0	0	9	0	0	0	0	0	0	0	0	0	0	0	0	0	0	18	0	0	0	0	0	0	0
10	Unique	힘	0	5	0	0	0	0	0	4	0	0	0	0	0	0	0	0	0	0	0	0	0	0	0	0	10	0	0	0	0	0	0	0	0	0	0	0	0	0	0	20	0	0	0	0	0	0	0
11	Stamina	체력	0	1	0	0	0	0	0	2	0	0	0	0	0	0	0	0	0	0	0	0	0	0	0	0	0	1	0	0	0	0	0	0	0	0	0	0	0	0	0	2	0	0	0	0	0	0	0
12	Stamina	체력	0	1	0	0	0	0	0	3	0	0	0	0	0	0	0	0	0	0	0	0	0	0	0	0	0	2	0	0	0	0	0	0	0	0	0	0	0	0	0	4	0	0	0	0	0	0	0
13	Stamina	체력	0	1	0	0	0	0	0	4	0	0	0	0	0	0	0	0	0	0	0	0	0	0	0	0	0	3	0	0	0	0	0	0	0	0	0	0	0	0	0	6	0	0	0	0	0	0	0
14	Stamina	체력	0	1	0	0	0	0	0	4	0	0	0	0	0	0	0	0	0	0	0	0	0	0	0	0	0	4	0	0	0	0	0	0	0	0	0	0	0	0	0	8	0	0	0	0	0	0	0
15	Stamina	체력	0	5	0	0	0	0	0	4	0	0	0	0	0	0	0	0	0	0	0	0	0	0	0	0	0	5	0	0	0	0	0	0	0	0	0	0	0	0	0	10	0	0	0	0	0	0	0
16	Stamina	체력	0	5	0	0	0	0	0	4	0	0	0	0	0	0	0	0	0	0	0	0	0	0	0	0	0	6	0	0	0	0	0	0	0	0	0	0	0	0	0	12	0	0	0	0	0	0	0
17	Stamina	체력	0	5	0	0	0	0	0	4	0	0	0	0	0	0	0	0	0	0	0	0	0	0	0	0	0	7	0	0	0	0	0	0	0	0	0	0	0	0	0	14	0	0	0	0	0	0	0
18	Stamina	체력	0	5	0	0	0	0	0	4	0	0	0	0	0	0	0	0	0	0	0	0	0	0	0	0	0	8	0	0	0	0	0	0	0	0	0	0	0	0	0	16	0	0	0	0	0	0	0
19	Stamina	체력	0	5	0	0	0	0	0	4	0	0	0	0	0	0	0	0	0	0	0	0	0	0	0	0	0	9	0	0	0	0	0	0	0	0	0	0	0	0	0	18	0	0	0	0	0	0	0
20	Unique	체력	0	5	0	0	0	0	0	4	0	0	0	0	0	0	0	0	0	0	0	0	0	0	0	0	0	10	0	0	0	0	0	0	0	0	0	0	0	0	0	20	0	0	0	0	0	0	0
21	Agility	민첩	0	1	0	0	0	0	0	2	0	0	0	0	0	0	0	0	0	0	0	0	0	0	0	0	0	0	1	0	0	0	0	0	0	0	0	0	0	0	0	2	0	0	0	0	0	0	0
22	Agility	민첩	0	1	0	0	0	0	0	3	0	0	0	0	0	0	0	0	0	0	0	0	0	0	0	0	0	0	2	0	0	0	0	0	0	0	0	0	0	0	0	4	0	0	0	0	0	0	0
23	Agility	민첩	0	1	0	0	0	0	0	4	0	0	0	0	0	0	0	0	0	0	0	0	0	0	0	0	0	0	3	0	0	0	0	0	0	0	0	0	0	0	0	6	0	0	0	0	0	0	0
24	Agility	민첩	0	1	0	0	0	0	0	4	0	0	0	0	0	0	0	0	0	0	0	0	0	0	0	0	0	0	4	0	0	0	0	0	0	0	0	0	0	0	0	8	0	0	0	0	0	0	0
25	Agility	민첩	0	5	0	0	0	0	0	4	0	0	0	0	0	0	0	0	0	0	0	0	0	0	0	0	0	0	5	0	0	0	0	0	0	0	0	0	0	0	0	10	0	0	0	0	0	0	0
26	Agility	민첩	0	5	0	0	0	0	0	4	0	0	0	0	0	0	0	0	0	0	0	0	0	0	0	0	0	0	6	0	0	0	0	0	0	0	0	0	0	0	0	12	0	0	0	0	0	0	0
27	Agility	민첩	0	5	0	0	0	0	0	4	0	0	0	0	0	0	0	0	0	0	0	0	0	0	0	0	0	0	7	0	0	0	0	0	0	0	0	0	0	0	0	14	0	0	0	0	0	0	0
28	Agility	민첩	0	5	0	0	0	0	0	4	0	0	0	0	0	0	0	0	0	0	0	0	0	0	0	0	0	0	8	0	0	0	0	0	0	0	0	0	0	0	0	16	0	0	0	0	0	0	0
29	Agility	민첩	0	5	0	0	0	0	0	4	0	0	0	0	0	0	0	0	0	0	0	0	0	0	0	0	0	0	9	0	0	0	0	0	0	0	0	0	0	0	0	18	0	0	0	0	0	0	0
30	Unique	민첩	0	5	0	0	0	0	0	4	0	0	0	0	0	0	0	0	0	0	0	0	0	0	0	0	0	0	10	0	0	0	0	0	0	0	0	0	0	0	0	20	0	0	0	0	0	0	0
31	Wisdom	지능	0	1	0	0	0	0	0	2	0	0	0	0	0	0	0	0	0	0	0	0	0	0	0	0	0	0	0	1	0	0	0	0	0	0	0	0	0	0	0	2	0	0	0	0	0	0	0
32	Wisdom	지능	0	1	0	0	0	0	0	3	0	0	0	0	0	0	0	0	0	0	0	0	0	0	0	0	0	0	0	2	0	0	0	0	0	0	0	0	0	0	0	4	0	0	0	0	0	0	0
33	Wisdom	지능	0	1	0	0	0	0	0	4	0	0	0	0	0	0	0	0	0	0	0	0	0	0	0	0	0	0	0	3	0	0	0	0	0	0	0	0	0	0	0	6	0	0	0	0	0	0	0
34	Wisdom	지능	0	1	0	0	0	0	0	4	0	0	0	0	0	0	0	0	0	0	0	0	0	0	0	0	0	0	0	4	0	0	0	0	0	0	0	0	0	0	0	8	0	0	0	0	0	0	0
35	Wisdom	지능	0	5	0	0	0	0	0	4	0	0	0	0	0	0	0	0	0	0	0	0	0	0	0	0	0	0	0	5	0	0	0	0	0	0	0	0	0	0	0	10	0	0	0	0	0	0	0
36	Wisdom	지능	0	5	0	0	0	0	0	4	0	0	0	0	0	0	0	0	0	0	0	0	0	0	0	0	0	0	0	6	0	0	0	0	0	0	0	0	0	0	0	12	0	0	0	0	0	0	0
37	Wisdom	지능	0	5	0	0	0	0	0	4	0	0	0	0	0	0	0	0	0	0	0	0	0	0	0	0	0	0	0	7	0	0	0	0	0	0	0	0	0	0	0	14	0	0	0	0	0	0	0
38	Wisdom	지능	0	5	0	0	0	0	0	4	0	0	0	0	0	0	0	0	0	0	0	0	0	0	0	0	0	0	0	8	0	0	0	0	0	0	0	0	0	0	0	16	0	0	0	0	0	0	0
39	Wisdom	지능	0	5	0	0	0	0	0	4	0	0	0	0	0	0	0	0	0	0	0	0	0	0	0	0	0	0	0	9	0	0	0	0	0	0	0	0	0	0	0	18	0	0	0	0	0	0	0
40	Unique	지능	0	5	0	0	0	0	0	4	0	0	0	0	0	0	0	0	0	0	0	0	0	0	0	0	0	0	0	10	0	0	0	0	0	0	0	0	0	0	0	20	0	0	0	0	0	0	0
41	Soul	마법 저항	0	1	0	0	0	0	0	2	0	0	0	0	0	0	0	0	0	0	0	0	0	0	0	0	0	0	0	0	0	0	0	2	0	0	2	0	0	0	0	2	0	0	0	0	0	0	0
42	Soul	마법 저항	0	1	0	0	0	0	0	3	0	0	0	0	0	0	0	0	0	0	0	0	0	0	0	0	0	0	0	0	0	0	0	4	0	0	4	0	0	0	0	4	0	0	0	0	0	0	0
43	Soul	마법 저항	0	1	0	0	0	0	0	4	0	0	0	0	0	0	0	0	0	0	0	0	0	0	0	0	0	0	0	0	0	0	0	6	0	0	6	0	0	0	0	6	0	0	0	0	0	0	0
44	Soul	마법 저항	0	1	0	0	0	0	0	4	0	0	0	0	0	0	0	0	0	0	0	0	0	0	0	0	0	0	0	0	0	0	0	8	0	0	8	0	0	0	0	8	0	0	0	0	0	0	0
45	Soul	마법 저항	0	1	0	0	0	0	0	4	0	0	0	0	0	0	0	0	0	0	0	0	0	0	0	0	0	0	0	0	0	0	0	10	0	0	10	0	0	0	0	10	0	0	0	0	0	0	0
46	Soul	마법 저항	0	1	0	0	0	0	0	4	0	0	0	0	0	0	0	0	0	0	0	0	0	0	0	0	0	0	0	0	0	0	0	12	0	0	12	0	0	0	0	12	0	0	0	0	0	0	0
47	Soul	마법 저항	0	1	0	0	0	0	0	4	0	0	0	0	0	0	0	0	0	0	0	0	0	0	0	0	0	0	0	0	0	0	0	14	0	0	14	0	0	0	0	14	0	0	0	0	0	0	0
48	Soul	마법 저항	0	1	0	0	0	0	0	4	0	0	0	0	0	0	0	0	0	0	0	0	0	0	0	0	0	0	0	0	0	0	0	16	0	0	16	0	0	0	0	16	0	0	0	0	0	0	0
49	Soul	마법 저항	0	1	0	0	0	0	0	4	0	0	0	0	0	0	0	0	0	0	0	0	0	0	0	0	0	0	0	0	0	0	0	18	0	0	18	0	0	0	0	18	0	0	0	0	0	0	0
50	Unique	마법 저항	0	4	0	0	0	0	0	4	0	0	0	0	0	0	0	0	0	0	0	0	0	0	0	0	0	0	0	0	0	0	0	20	0	0	20	0	0	0	0	20	0	0	0	0	0	0	0
51	Blood	독 저항	0	1	0	0	0	0	0	2	0	0	0	0	0	0	0	0	0	0	0	0	0	0	0	0	0	0	0	0	0	0	0	0	2	0	0	2	0	0	0	2	0	0	0	0	0	0	0
52	Blood	독 저항	0	1	0	0	0	0	0	3	0	0	0	0	0	0	0	0	0	0	0	0	0	0	0	0	0	0	0	0	0	0	0	0	4	0	0	4	0	0	0	4	0	0	0	0	0	0	0
53	Blood	독 저항	0	1	0	0	0	0	0	4	0	0	0	0	0	0	0	0	0	0	0	0	0	0	0	0	0	0	0	0	0	0	0	0	6	0	0	6	0	0	0	6	0	0	0	0	0	0	0
54	Blood	독 저항	0	1	0	0	0	0	0	4	0	0	0	0	0	0	0	0	0	0	0	0	0	0	0	0	0	0	0	0	0	0	0	0	8	0	0	8	0	0	0	8	0	0	0	0	0	0	0
55	Blood	독 저항	0	1	0	0	0	0	0	4	0	0	0	0	0	0	0	0	0	0	0	0	0	0	0	0	0	0	0	0	0	0	0	0	10	0	0	10	0	0	0	10	0	0	0	0	0	0	0
56	Blood	독 저항	0	1	0	0	0	0	0	4	0	0	0	0	0	0	0	0	0	0	0	0	0	0	0	0	0	0	0	0	0	0	0	0	12	0	0	12	0	0	0	12	0	0	0	0	0	0	0
57	Blood	독 저항	0	1	0	0	0	0	0	4	0	0	0	0	0	0	0	0	0	0	0	0	0	0	0	0	0	0	0	0	0	0	0	0	14	0	0	14	0	0	0	14	0	0	0	0	0	0	0
58	Blood	독 저항	0	1	0	0	0	0	0	4	0	0	0	0	0	0	0	0	0	0	0	0	0	0	0	0	0	0	0	0	0	0	0	0	16	0	0	16	0	0	0	16	0	0	0	0	0	0	0
59	Blood	독 저항	0	1	0	0	0	0	0	4	0	0	0	0	0	0	0	0	0	0	0	0	0	0	0	0	0	0	0	0	0	0	0	0	18	0	0	18	0	0	0	18	0	0	0	0	0	0	0
60	Unique	독 저항	0	4	0	0	0	0	0	4	0	0	0	0	0	0	0	0	0	0	0	0	0	0	0	0	0	0	0	0	0	0	0	0	20	0	0	20	0	0	0	20	0	0	0	0	0	0	0
61	Holy	저주 저항	0	1	0	0	0	0	0	2	0	0	0	0	0	0	0	0	0	0	0	0	0	0	0	0	0	0	0	0	0	0	0	0	0	2	0	0	2	0	0	2	0	0	0	0	0	0	0
62	Holy	저주 저항	0	1	0	0	0	0	0	3	0	0	0	0	0	0	0	0	0	0	0	0	0	0	0	0	0	0	0	0	0	0	0	0	0	4	0	0	4	0	0	4	0	0	0	0	0	0	0
63	Holy	저주 저항	0	1	0	0	0	0	0	4	0	0	0	0	0	0	0	0	0	0	0	0	0	0	0	0	0	0	0	0	0	0	0	0	0	6	0	0	6	0	0	6	0	0	0	0	0	0	0
64	Holy	저주 저항	0	1	0	0	0	0	0	4	0	0	0	0	0	0	0	0	0	0	0	0	0	0	0	0	0	0	0	0	0	0	0	0	0	8	0	0	8	0	0	8	0	0	0	0	0	0	0
65	Holy	저주 저항	0	1	0	0	0	0	0	4	0	0	0	0	0	0	0	0	0	0	0	0	0	0	0	0	0	0	0	0	0	0	0	0	0	10	0	0	10	0	0	10	0	0	0	0	0	0	0
66	Holy	저주 저항	0	1	0	0	0	0	0	4	0	0	0	0	0	0	0	0	0	0	0	0	0	0	0	0	0	0	0	0	0	0	0	0	0	12	0	0	12	0	0	12	0	0	0	0	0	0	0
67	Holy	저주 저항	0	1	0	0	0	0	0	4	0	0	0	0	0	0	0	0	0	0	0	0	0	0	0	0	0	0	0	0	0	0	0	0	0	14	0	0	14	0	0	14	0	0	0	0	0	0	0
68	Holy	저주 저항	0	1	0	0	0	0	0	4	0	0	0	0	0	0	0	0	0	0	0	0	0	0	0	0	0	0	0	0	0	0	0	0	0	16	0	0	16	0	0	16	0	0	0	0	0	0	0
69	Holy	저주 저항	0	1	0	0	0	0	0	4	0	0	0	0	0	0	0	0	0	0	0	0	0	0	0	0	0	0	0	0	0	0	0	0	0	18	0	0	18	0	0	18	0	0	0	0	0	0	0
70	Unique	저주 저항	0	4	0	0	0	0	0	4	0	0	0	0	0	0	0	0	0	0	0	0	0	0	0	0	0	0	0	0	0	0	0	0	0	20	0	0	20	0	0	20	0	0	0	0	0	0	0
71	Mental	마력 상승	0	1	0	0	0	0	0	2	0	0	0	0	0	0	0	0	0	0	0	0	0	0	0	0	0	0	0	0	1	0	0	0	0	0	0	0	0	0	0	2	0	0	0	0	0	0	0
72	Mental	마력 상승	0	1	0	0	0	0	0	3	0	0	0	0	0	0	0	0	0	0	0	0	0	0	0	0	0	0	0	0	2	0	0	0	0	0	0	0	0	0	0	4	0	0	0	0	0	0	0
73	Mental	마력 상승	0	1	0	0	0	0	0	4	0	0	0	0	0	0	0	0	0	0	0	0	0	0	0	0	0	0	0	0	3	0	0	0	0	0	0	0	0	0	0	6	0	0	0	0	0	0	0
74	Mental	마력 상승	0	1	0	0	0	0	0	4	0	0	0	0	0	0	0	0	0	0	0	0	0	0	0	0	0	0	0	0	4	0	0	0	0	0	0	0	0	0	0	8	0	0	0	0	0	0	0
75	Mental	마력 상승	0	5	0	0	0	0	0	4	0	0	0	0	0	0	0	0	0	0	0	0	0	0	0	0	0	0	0	0	5	0	0	0	0	0	0	0	0	0	0	10	0	0	0	0	0	0	0
76	Mental	마력 상승	0	5	0	0	0	0	0	4	0	0	0	0	0	0	0	0	0	0	0	0	0	0	0	0	0	0	0	0	6	0	0	0	0	0	0	0	0	0	0	12	0	0	0	0	0	0	0
77	Mental	마력 상승	0	5	0	0	0	0	0	4	0	0	0	0	0	0	0	0	0	0	0	0	0	0	0	0	0	0	0	0	7	0	0	0	0	0	0	0	0	0	0	14	0	0	0	0	0	0	0
78	Mental	마력 상승	0	5	0	0	0	0	0	4	0	0	0	0	0	0	0	0	0	0	0	0	0	0	0	0	0	0	0	0	8	0	0	0	0	0	0	0	0	0	0	16	0	0	0	0	0	0	0
79	Mental	마력 상승	0	5	0	0	0	0	0	4	0	0	0	0	0	0	0	0	0	0	0	0	0	0	0	0	0	0	0	0	9	0	0	0	0	0	0	0	0	0	0	18	0	0	0	0	0	0	0
80	Mental	마력 상승	0	5	0	0	0	0	0	4	0	0	0	0	0	0	0	0	0	0	0	0	0	0	0	0	0	0	0	0	10	0	0	0	0	0	0	0	0	0	0	20	0	0	0	0	0	0	0
115	Warrior Pendant	아틸라	0	4	0	0	0	0	0	1	20	0	0	0	0	0	0	0	0	0	0	0	0	0	0	0	5	5	5	0	0	100	150	30	10	10	0	0	0	0	0	5	0	0	0	0	0	0	0
116	Elemental Pendant	아틸라	0	4	0	0	0	0	0	1	20	0	0	0	0	0	0	0	0	0	0	0	0	0	0	0	0	10	0	5	5	150	100	0	0	0	0	20	20	0	0	5	0	0	0	0	0	0	0
117	Priest Pendant	아틸라	0	4	0	0	0	0	0	1	20	0	0	0	0	0	0	0	0	0	0	0	0	0	0	0	5	0	10	10	0	0	100	0	0	0	15	15	15	0	0	5	0	0	0	0	0	0	0
118	Amulet of Curse	이벤트	0	4	0	0	0	0	0	1	0	0	0	0	0	0	0	0	0	0	0	0	0	0	0	0	10	10	10	10	10	-100	-100	0	0	0	0	0	0	0	0	0	0	0	0	0	0	0	0
119	Amulet of Strength	이벤트	0	4	0	0	0	0	0	1	0	0	0	0	0	0	0	0	0	0	0	0	0	0	0	0	15	0	0	0	0	50	0	0	0	0	0	0	0	0	0	0	0	0	0	0	0	0	0
120	Amulet of Dexterity	이벤트	0	4	0	0	0	0	0	1	0	0	0	0	0	0	0	0	0	0	0	0	0	0	0	0	0	0	15	0	0	0	50	0	0	0	0	0	0	0	0	0	0	0	0	0	0	0	0
121	Amulet of Intelligence	이벤트	0	4	0	0	0	0	0	1	0	0	0	0	0	0	0	0	0	0	0	0	0	0	0	0	0	0	0	15	0	50	0	0	0	0	0	0	0	0	0	0	0	0	0	0	0	0	0
122	Amulet of Magic Power	이벤트	0	4	0	0	0	0	0	1	0	0	0	0	0	0	0	0	0	0	0	0	0	0	0	0	0	0	0	0	15	50	0	0	0	0	0	0	0	0	0	0	0	0	0	0	0	0	0
123	Amulet of Health	이벤트	0	4	0	0	0	0	0	1	0	0	0	0	0	0	0	0	0	0	0	0	0	0	0	0	0	15	0	0	0	0	50	0	0	0	0	0	0	0	0	0	0	0	0	0	0	0	0
124	Elemental Necklace	이벤트	0	4	0	0	0	0	0	1	0	0	0	0	0	0	0	0	0	0	0	0	0	0	0	0	0	0	0	0	0	100	0	20	20	20	20	20	20	0	0	0	0	0	0	0	0	0	0
125	Crystal Necklace	이벤트	0	4	0	0	0	0	0	1	0	0	0	0	0	0	0	0	0	0	0	0	0	0	0	0	0	10	0	0	10	0	150	0	0	0	0	0	0	0	0	0	0	0	0	0	0	0	0
126	Iron Necklace	이벤트	0	4	0	0	0	0	0	1	0	10	10	10	10	10	10	0	0	0	0	0	0	0	0	0	5	20	0	0	0	0	0	0	0	0	0	0	0	0	0	0	0	0	0	0	0	0	0
127	Amulet of Goddess 	이벤트	0	4	0	0	0	0	0	1	0	0	0	0	0	0	0	0	0	0	0	0	0	0	0	0	0	5	0	20	0	150	50	0	0	0	0	0	0	0	0	0	0	0	0	0	0	0	0
128	Blue Dragon Necklace	이벤트	0	4	0	0	0	0	0	1	0	0	0	0	0	0	0	0	0	0	0	0	0	0	0	0	0	0	0	0	10	100	0	0	0	50	0	0	0	0	0	0	0	0	0	0	0	0	0
129	Red Dragon Amulet	이벤트	0	4	0	0	0	0	0	1	0	0	0	0	0	0	0	0	0	0	0	0	0	0	0	0	0	0	0	10	0	0	100	50	0	0	0	0	0	0	0	0	0	0	0	0	0	0	0
130	Black Dragon Necklace	이벤트	0	4	0	0	0	0	0	1	0	0	0	0	0	0	0	0	0	0	0	0	0	0	0	0	0	0	10	0	0	100	0	0	0	0	50	0	0	0	0	0	0	0	0	0	0	0	0
131	Green Dragon Amulet	이벤트	0	4	0	0	0	0	0	1	0	0	0	0	0	0	0	0	0	0	0	0	0	0	0	0	0	10	0	0	0	0	100	0	0	0	0	50	0	0	0	0	0	0	0	0	0	0	0
132	White Dragon Necklace	이벤트	0	4	0	0	0	0	0	1	0	0	0	0	0	0	0	0	0	0	0	0	0	0	0	0	10	0	0	0	0	100	0	0	50	0	0	0	0	0	0	0	0	0	0	0	0	0	0
134	Christmas Cross	이벤트	0	4	0	0	0	0	0	1	10	0	0	0	0	0	0	0	0	0	0	0	0	0	0	0	5	5	5	5	5	0	0	5	5	5	5	5	5	0	0	0	0	0	0	0	0	0	0
136	Christmas Cross	이벤트	0	6	0	0	0	0	0	1	10	0	0	0	0	0	0	0	0	0	0	0	0	0	0	0	5	5	5	5	5	0	0	5	5	5	5	5	5	0	0	0	0	0	0	0	0	0	0
301	Warrior Pendant(+1)	아틸라	0	4	0	0	0	0	0	1	24	0	0	0	0	0	0	0	0	0	0	0	0	0	0	0	7	7	7	0	0	150	225	32	12	12	0	0	0	0	0	5	0	0	0	0	0	0	0
302	Warrior Pendant(+2)	아틸라	0	4	0	0	0	0	0	1	28	0	0	0	0	0	0	0	0	0	0	0	0	0	0	0	10	10	10	0	0	200	300	35	15	15	0	0	0	0	0	5	0	0	0	0	0	0	0
303	Warrior Pendant(+3)	아틸라	0	4	0	0	0	0	0	1	35	0	0	0	0	0	0	0	0	0	0	0	0	0	0	0	12	12	12	0	0	250	375	40	20	20	0	0	0	0	0	5	0	0	0	0	0	0	0
304	Warrior Pendant(+4)	아틸라	0	4	0	0	0	0	0	1	45	0	0	0	0	0	0	0	0	0	0	0	0	0	0	0	15	15	15	0	0	300	450	45	25	25	0	0	0	0	0	5	0	0	0	0	0	0	0
305	Warrior Pendant(+5)	아틸라	0	4	0	0	0	0	0	1	60	0	0	0	0	0	0	0	0	0	0	0	0	0	0	0	18	18	18	0	0	350	525	55	35	35	0	0	0	0	0	5	0	0	0	0	0	0	0
306	Warrior Pendant(+6)	아틸라	0	4	0	0	0	0	0	1	20	0	0	0	0	0	0	0	0	0	0	0	0	0	0	0	5	5	5	0	0	100	150	30	10	10	0	0	0	0	0	5	0	0	0	0	0	0	0
307	Warrior Pendant(+7)	아틸라	0	4	0	0	0	0	0	1	20	0	0	0	0	0	0	0	0	0	0	0	0	0	0	0	5	5	5	0	0	100	150	30	10	10	0	0	0	0	0	5	0	0	0	0	0	0	0
308	Warrior Pendant(+8)	아틸라	0	4	0	0	0	0	0	1	20	0	0	0	0	0	0	0	0	0	0	0	0	0	0	0	5	5	5	0	0	100	150	30	10	10	0	0	0	0	0	5	0	0	0	0	0	0	0
309	Warrior Pendant(+9)	아틸라	0	4	0	0	0	0	0	1	20	0	0	0	0	0	0	0	0	0	0	0	0	0	0	0	5	5	5	0	0	100	150	30	10	10	0	0	0	0	0	5	0	0	0	0	0	0	0
310	Warrior Pendant(+10)	아틸라	0	4	0	0	0	0	0	1	20	0	0	0	0	0	0	0	0	0	0	0	0	0	0	0	5	5	5	0	0	100	150	30	10	10	0	0	0	0	0	5	0	0	0	0	0	0	0
311	Elemental Pendant(+1)	아틸라	0	4	0	0	0	0	0	1	24	0	0	0	0	0	0	0	0	0	0	0	0	0	0	0	0	15	0	7	7	225	150	0	0	0	0	22	22	0	0	5	0	0	0	0	0	0	0
312	Elemental Pendant(+2)	아틸라	0	4	0	0	0	0	0	1	28	0	0	0	0	0	0	0	0	0	0	0	0	0	0	0	0	20	0	10	10	300	200	0	0	0	0	25	25	0	0	5	0	0	0	0	0	0	0
313	Elemental Pendant(+3)	아틸라	0	4	0	0	0	0	0	1	35	0	0	0	0	0	0	0	0	0	0	0	0	0	0	0	0	25	0	12	12	375	250	0	0	0	0	30	30	0	0	5	0	0	0	0	0	0	0
314	Elemental Pendant(+4)	아틸라	0	4	0	0	0	0	0	1	45	0	0	0	0	0	0	0	0	0	0	0	0	0	0	0	0	30	0	15	15	450	300	0	0	0	0	35	35	0	0	5	0	0	0	0	0	0	0
315	Elemental Pendant(+5)	아틸라	0	4	0	0	0	0	0	1	60	0	0	0	0	0	0	0	0	0	0	0	0	0	0	0	0	35	0	18	18	525	350	0	0	0	0	45	45	0	0	5	0	0	0	0	0	0	0
316	Elemental Pendant(+6)	아틸라	0	4	0	0	0	0	0	1	20	0	0	0	0	0	0	0	0	0	0	0	0	0	0	0	0	10	0	5	5	150	100	0	0	0	0	20	20	0	0	5	0	0	0	0	0	0	0
317	Elemental Pendant(+7)	아틸라	0	4	0	0	0	0	0	1	20	0	0	0	0	0	0	0	0	0	0	0	0	0	0	0	0	10	0	5	5	150	100	0	0	0	0	20	20	0	0	5	0	0	0	0	0	0	0
318	Elemental Pendant(+8)	아틸라	0	4	0	0	0	0	0	1	20	0	0	0	0	0	0	0	0	0	0	0	0	0	0	0	0	10	0	5	5	150	100	0	0	0	0	20	20	0	0	5	0	0	0	0	0	0	0
319	Elemental Pendant(+9)	아틸라	0	4	0	0	0	0	0	1	20	0	0	0	0	0	0	0	0	0	0	0	0	0	0	0	0	10	0	5	5	150	100	0	0	0	0	20	20	0	0	5	0	0	0	0	0	0	0
320	Elemental Pendant(+10)	아틸라	0	4	0	0	0	0	0	1	20	0	0	0	0	0	0	0	0	0	0	0	0	0	0	0	0	10	0	5	5	150	100	0	0	0	0	20	20	0	0	5	0	0	0	0	0	0	0
321	Priest Pendant(+1)	아틸라	0	4	0	0	0	0	0	1	24	0	0	0	0	0	0	0	0	0	0	0	0	0	0	0	7	0	15	15	0	0	150	0	0	0	17	17	17	0	0	5	0	0	0	0	0	0	0
322	Priest Pendant(+2)	아틸라	0	4	0	0	0	0	0	1	28	0	0	0	0	0	0	0	0	0	0	0	0	0	0	0	10	0	20	20	0	0	200	0	0	0	20	20	20	0	0	5	0	0	0	0	0	0	0
323	Priest Pendant(+3)	아틸라	0	4	0	0	0	0	0	1	35	0	0	0	0	0	0	0	0	0	0	0	0	0	0	0	12	0	25	25	0	0	250	0	0	0	25	25	25	0	0	5	0	0	0	0	0	0	0
324	Priest Pendant(+4)	아틸라	0	4	0	0	0	0	0	1	45	0	0	0	0	0	0	0	0	0	0	0	0	0	0	0	15	0	30	30	0	0	300	0	0	0	30	30	30	0	0	5	0	0	0	0	0	0	0
325	Priest Pendant(+5)	아틸라	0	4	0	0	0	0	0	1	60	0	0	0	0	0	0	0	0	0	0	0	0	0	0	0	18	0	35	35	0	0	350	0	0	0	40	40	40	0	0	5	0	0	0	0	0	0	0
326	Priest Pendant(+6)	아틸라	0	4	0	0	0	0	0	1	20	0	0	0	0	0	0	0	0	0	0	0	0	0	0	0	5	0	10	10	0	0	100	0	0	0	15	15	15	0	0	5	0	0	0	0	0	0	0
327	Priest Pendant(+7)	아틸라	0	4	0	0	0	0	0	1	20	0	0	0	0	0	0	0	0	0	0	0	0	0	0	0	5	0	10	10	0	0	100	0	0	0	15	15	15	0	0	5	0	0	0	0	0	0	0
328	Priest Pendant(+8)	아틸라	0	4	0	0	0	0	0	1	20	0	0	0	0	0	0	0	0	0	0	0	0	0	0	0	5	0	10	10	0	0	100	0	0	0	15	15	15	0	0	5	0	0	0	0	0	0	0
329	Priest Pendant(+9)	아틸라	0	4	0	0	0	0	0	1	20	0	0	0	0	0	0	0	0	0	0	0	0	0	0	0	5	0	10	10	0	0	100	0	0	0	15	15	15	0	0	5	0	0	0	0	0	0	0
330	Priest Pendant(+10)	아틸라	0	4	0	0	0	0	0	1	20	0	0	0	0	0	0	0	0	0	0	0	0	0	0	0	5	0	10	10	0	0	100	0	0	0	15	15	15	0	0	5	0	0	0	0	0	0	0
331	Amulet of Curse(+1)	이벤트	0	4	0	0	0	0	0	1	2	0	0	0	0	0	0	0	0	0	0	0	0	0	0	0	15	15	15	15	15	-120	-120	0	0	0	0	0	0	0	0	0	0	0	0	0	0	0	0
332	Amulet of Curse(+2)	이벤트	0	4	0	0	0	0	0	1	4	0	0	0	0	0	0	0	0	0	0	0	0	0	0	0	20	20	20	20	20	-150	-150	0	0	0	0	0	0	0	0	0	0	0	0	0	0	0	0
333	Amulet of Curse(+3)	이벤트	0	4	0	0	0	0	0	1	6	0	0	0	0	0	0	0	0	0	0	0	0	0	0	0	25	25	25	25	25	-200	-200	0	0	0	0	0	0	0	0	0	0	0	0	0	0	0	0
334	Amulet of Curse(+4)	이벤트	0	4	0	0	0	0	0	1	10	0	0	0	0	0	0	0	0	0	0	0	0	0	0	0	30	30	30	30	30	-250	-250	0	0	0	0	0	0	0	0	0	0	0	0	0	0	0	0
335	Amulet of Curse(+5)	이벤트	0	4	0	0	0	0	0	1	20	0	0	0	0	0	0	0	0	0	0	0	0	0	0	0	35	35	35	35	35	-350	-350	0	0	0	0	0	0	0	0	0	0	0	0	0	0	0	0
336	Amulet of Curse(+6)	이벤트	0	4	0	0	0	0	0	1	0	0	0	0	0	0	0	0	0	0	0	0	0	0	0	0	10	10	10	10	10	-100	-100	0	0	0	0	0	0	0	0	0	0	0	0	0	0	0	0
337	Amulet of Curse(+7)	이벤트	0	4	0	0	0	0	0	1	0	0	0	0	0	0	0	0	0	0	0	0	0	0	0	0	10	10	10	10	10	-100	-100	0	0	0	0	0	0	0	0	0	0	0	0	0	0	0	0
338	Amulet of Curse(+8)	이벤트	0	4	0	0	0	0	0	1	0	0	0	0	0	0	0	0	0	0	0	0	0	0	0	0	10	10	10	10	10	-100	-100	0	0	0	0	0	0	0	0	0	0	0	0	0	0	0	0
339	Amulet of Curse(+9)	이벤트	0	4	0	0	0	0	0	1	0	0	0	0	0	0	0	0	0	0	0	0	0	0	0	0	10	10	10	10	10	-100	-100	0	0	0	0	0	0	0	0	0	0	0	0	0	0	0	0
340	Amulet of Curse(+10)	이벤트	0	4	0	0	0	0	0	1	0	0	0	0	0	0	0	0	0	0	0	0	0	0	0	0	10	10	10	10	10	-100	-100	0	0	0	0	0	0	0	0	0	0	0	0	0	0	0	0
341	Amulet of Strength(+1)	이벤트	0	4	0	0	0	0	0	1	2	0	0	0	0	0	0	0	0	0	0	0	0	0	0	0	20	0	0	0	0	75	0	0	0	0	0	0	0	0	0	0	0	0	0	0	0	0	0
342	Amulet of Strength(+2)	이벤트	0	4	0	0	0	0	0	1	4	0	0	0	0	0	0	0	0	0	0	0	0	0	0	0	25	0	0	0	0	100	0	0	0	0	0	0	0	0	0	0	0	0	0	0	0	0	0
343	Amulet of Strength(+3)	이벤트	0	4	0	0	0	0	0	1	6	0	0	0	0	0	0	0	0	0	0	0	0	0	0	0	30	0	0	0	0	125	0	0	0	0	0	0	0	0	0	0	0	0	0	0	0	0	0
344	Amulet of Strength(+4)	이벤트	0	4	0	0	0	0	0	1	10	0	0	0	0	0	0	0	0	0	0	0	0	0	0	0	35	0	0	0	0	150	0	0	0	0	0	0	0	0	0	0	0	0	0	0	0	0	0
345	Amulet of Strength(+5)	이벤트	0	4	0	0	0	0	0	1	20	0	0	0	0	0	0	0	0	0	0	0	0	0	0	0	40	0	0	0	0	200	0	0	0	0	0	0	0	0	0	0	0	0	0	0	0	0	0
346	Amulet of Strength(+6)	이벤트	0	4	0	0	0	0	0	1	0	0	0	0	0	0	0	0	0	0	0	0	0	0	0	0	15	0	0	0	0	50	0	0	0	0	0	0	0	0	0	0	0	0	0	0	0	0	0
347	Amulet of Strength(+7)	이벤트	0	4	0	0	0	0	0	1	0	0	0	0	0	0	0	0	0	0	0	0	0	0	0	0	15	0	0	0	0	50	0	0	0	0	0	0	0	0	0	0	0	0	0	0	0	0	0
348	Amulet of Strength(+8)	이벤트	0	4	0	0	0	0	0	1	0	0	0	0	0	0	0	0	0	0	0	0	0	0	0	0	15	0	0	0	0	50	0	0	0	0	0	0	0	0	0	0	0	0	0	0	0	0	0
349	Amulet of Strength(+9)	이벤트	0	4	0	0	0	0	0	1	0	0	0	0	0	0	0	0	0	0	0	0	0	0	0	0	15	0	0	0	0	50	0	0	0	0	0	0	0	0	0	0	0	0	0	0	0	0	0
350	Amulet of Strength(+10)	이벤트	0	4	0	0	0	0	0	1	0	0	0	0	0	0	0	0	0	0	0	0	0	0	0	0	15	0	0	0	0	50	0	0	0	0	0	0	0	0	0	0	0	0	0	0	0	0	0
351	Amulet of Dexterity(+1)	이벤트	0	4	0	0	0	0	0	1	2	0	0	0	0	0	0	0	0	0	0	0	0	0	0	0	0	0	20	0	0	0	75	0	0	0	0	0	0	0	0	0	0	0	0	0	0	0	0
352	Amulet of Dexterity(+2)	이벤트	0	4	0	0	0	0	0	1	4	0	0	0	0	0	0	0	0	0	0	0	0	0	0	0	0	0	25	0	0	0	100	0	0	0	0	0	0	0	0	0	0	0	0	0	0	0	0
353	Amulet of Dexterity(+3)	이벤트	0	4	0	0	0	0	0	1	6	0	0	0	0	0	0	0	0	0	0	0	0	0	0	0	0	0	30	0	0	0	125	0	0	0	0	0	0	0	0	0	0	0	0	0	0	0	0
354	Amulet of Dexterity(+4)	이벤트	0	4	0	0	0	0	0	1	10	0	0	0	0	0	0	0	0	0	0	0	0	0	0	0	0	0	35	0	0	0	150	0	0	0	0	0	0	0	0	0	0	0	0	0	0	0	0
355	Amulet of Dexterity(+5)	이벤트	0	4	0	0	0	0	0	1	20	0	0	0	0	0	0	0	0	0	0	0	0	0	0	0	0	0	40	0	0	0	200	0	0	0	0	0	0	0	0	0	0	0	0	0	0	0	0
356	Amulet of Dexterity(+6)	이벤트	0	4	0	0	0	0	0	1	0	0	0	0	0	0	0	0	0	0	0	0	0	0	0	0	0	0	15	0	0	0	50	0	0	0	0	0	0	0	0	0	0	0	0	0	0	0	0
357	Amulet of Dexterity(+7)	이벤트	0	4	0	0	0	0	0	1	0	0	0	0	0	0	0	0	0	0	0	0	0	0	0	0	0	0	15	0	0	0	50	0	0	0	0	0	0	0	0	0	0	0	0	0	0	0	0
358	Amulet of Dexterity(+8)	이벤트	0	4	0	0	0	0	0	1	0	0	0	0	0	0	0	0	0	0	0	0	0	0	0	0	0	0	15	0	0	0	50	0	0	0	0	0	0	0	0	0	0	0	0	0	0	0	0
359	Amulet of Dexterity(+9)	이벤트	0	4	0	0	0	0	0	1	0	0	0	0	0	0	0	0	0	0	0	0	0	0	0	0	0	0	15	0	0	0	50	0	0	0	0	0	0	0	0	0	0	0	0	0	0	0	0
360	Amulet of Dexterity(+10)	이벤트	0	4	0	0	0	0	0	1	0	0	0	0	0	0	0	0	0	0	0	0	0	0	0	0	0	0	15	0	0	0	50	0	0	0	0	0	0	0	0	0	0	0	0	0	0	0	0
361	Amulet of Intelligence(+1)	이벤트	0	4	0	0	0	0	0	1	2	0	0	0	0	0	0	0	0	0	0	0	0	0	0	0	0	0	0	20	0	75	0	0	0	0	0	0	0	0	0	0	0	0	0	0	0	0	0
362	Amulet of Intelligence(+2)	이벤트	0	4	0	0	0	0	0	1	4	0	0	0	0	0	0	0	0	0	0	0	0	0	0	0	0	0	0	25	0	100	0	0	0	0	0	0	0	0	0	0	0	0	0	0	0	0	0
363	Amulet of Intelligence(+3)	이벤트	0	4	0	0	0	0	0	1	6	0	0	0	0	0	0	0	0	0	0	0	0	0	0	0	0	0	0	30	0	125	0	0	0	0	0	0	0	0	0	0	0	0	0	0	0	0	0
364	Amulet of Intelligence(+4)	이벤트	0	4	0	0	0	0	0	1	10	0	0	0	0	0	0	0	0	0	0	0	0	0	0	0	0	0	0	35	0	150	0	0	0	0	0	0	0	0	0	0	0	0	0	0	0	0	0
365	Amulet of Intelligence(+5)	이벤트	0	4	0	0	0	0	0	1	20	0	0	0	0	0	0	0	0	0	0	0	0	0	0	0	0	0	0	40	0	200	0	0	0	0	0	0	0	0	0	0	0	0	0	0	0	0	0
366	Amulet of Intelligence(+6)	이벤트	0	4	0	0	0	0	0	1	0	0	0	0	0	0	0	0	0	0	0	0	0	0	0	0	0	0	0	15	0	50	0	0	0	0	0	0	0	0	0	0	0	0	0	0	0	0	0
367	Amulet of Intelligence(+7)	이벤트	0	4	0	0	0	0	0	1	0	0	0	0	0	0	0	0	0	0	0	0	0	0	0	0	0	0	0	15	0	50	0	0	0	0	0	0	0	0	0	0	0	0	0	0	0	0	0
368	Amulet of Intelligence(+8)	이벤트	0	4	0	0	0	0	0	1	0	0	0	0	0	0	0	0	0	0	0	0	0	0	0	0	0	0	0	15	0	50	0	0	0	0	0	0	0	0	0	0	0	0	0	0	0	0	0
369	Amulet of Intelligence(+9)	이벤트	0	4	0	0	0	0	0	1	0	0	0	0	0	0	0	0	0	0	0	0	0	0	0	0	0	0	0	15	0	50	0	0	0	0	0	0	0	0	0	0	0	0	0	0	0	0	0
370	Amulet of Intelligence(+10)	이벤트	0	4	0	0	0	0	0	1	0	0	0	0	0	0	0	0	0	0	0	0	0	0	0	0	0	0	0	15	0	50	0	0	0	0	0	0	0	0	0	0	0	0	0	0	0	0	0
371	Amulet of Magic Power(+1)	이벤트	0	4	0	0	0	0	0	1	2	0	0	0	0	0	0	0	0	0	0	0	0	0	0	0	0	0	0	0	20	75	0	0	0	0	0	0	0	0	0	0	0	0	0	0	0	0	0
372	Amulet of Magic Power(+2)	이벤트	0	4	0	0	0	0	0	1	4	0	0	0	0	0	0	0	0	0	0	0	0	0	0	0	0	0	0	0	25	100	0	0	0	0	0	0	0	0	0	0	0	0	0	0	0	0	0
373	Amulet of Magic Power(+3)	이벤트	0	4	0	0	0	0	0	1	6	0	0	0	0	0	0	0	0	0	0	0	0	0	0	0	0	0	0	0	30	125	0	0	0	0	0	0	0	0	0	0	0	0	0	0	0	0	0
374	Amulet of Magic Power(+4)	이벤트	0	4	0	0	0	0	0	1	10	0	0	0	0	0	0	0	0	0	0	0	0	0	0	0	0	0	0	0	35	150	0	0	0	0	0	0	0	0	0	0	0	0	0	0	0	0	0
375	Amulet of Magic Power(+5)	이벤트	0	4	0	0	0	0	0	1	20	0	0	0	0	0	0	0	0	0	0	0	0	0	0	0	0	0	0	0	40	200	0	0	0	0	0	0	0	0	0	0	0	0	0	0	0	0	0
376	Amulet of Magic Power(+6)	이벤트	0	4	0	0	0	0	0	1	0	0	0	0	0	0	0	0	0	0	0	0	0	0	0	0	0	0	0	0	15	50	0	0	0	0	0	0	0	0	0	0	0	0	0	0	0	0	0
377	Amulet of Magic Power(+7)	이벤트	0	4	0	0	0	0	0	1	0	0	0	0	0	0	0	0	0	0	0	0	0	0	0	0	0	0	0	0	15	50	0	0	0	0	0	0	0	0	0	0	0	0	0	0	0	0	0
378	Amulet of Magic Power(+8)	이벤트	0	4	0	0	0	0	0	1	0	0	0	0	0	0	0	0	0	0	0	0	0	0	0	0	0	0	0	0	15	50	0	0	0	0	0	0	0	0	0	0	0	0	0	0	0	0	0
379	Amulet of Magic Power(+9)	이벤트	0	4	0	0	0	0	0	1	0	0	0	0	0	0	0	0	0	0	0	0	0	0	0	0	0	0	0	0	15	50	0	0	0	0	0	0	0	0	0	0	0	0	0	0	0	0	0
380	Amulet of Magic Power(+10)	이벤트	0	4	0	0	0	0	0	1	0	0	0	0	0	0	0	0	0	0	0	0	0	0	0	0	0	0	0	0	15	50	0	0	0	0	0	0	0	0	0	0	0	0	0	0	0	0	0
381	Amulet of Health(+1)	이벤트	0	4	0	0	0	0	0	1	2	0	0	0	0	0	0	0	0	0	0	0	0	0	0	0	0	20	0	0	0	0	75	0	0	0	0	0	0	0	0	0	0	0	0	0	0	0	0
382	Amulet of Health(+2)	이벤트	0	4	0	0	0	0	0	1	4	0	0	0	0	0	0	0	0	0	0	0	0	0	0	0	0	25	0	0	0	0	100	0	0	0	0	0	0	0	0	0	0	0	0	0	0	0	0
383	Amulet of Health(+3)	이벤트	0	4	0	0	0	0	0	1	6	0	0	0	0	0	0	0	0	0	0	0	0	0	0	0	0	30	0	0	0	0	125	0	0	0	0	0	0	0	0	0	0	0	0	0	0	0	0
384	Amulet of Health(+4)	이벤트	0	4	0	0	0	0	0	1	10	0	0	0	0	0	0	0	0	0	0	0	0	0	0	0	0	35	0	0	0	0	150	0	0	0	0	0	0	0	0	0	0	0	0	0	0	0	0
385	Amulet of Health(+5)	이벤트	0	4	0	0	0	0	0	1	20	0	0	0	0	0	0	0	0	0	0	0	0	0	0	0	0	40	0	0	0	0	200	0	0	0	0	0	0	0	0	0	0	0	0	0	0	0	0
386	Amulet of Health(+6)	이벤트	0	4	0	0	0	0	0	1	0	0	0	0	0	0	0	0	0	0	0	0	0	0	0	0	0	15	0	0	0	0	50	0	0	0	0	0	0	0	0	0	0	0	0	0	0	0	0
387	Amulet of Health(+7)	이벤트	0	4	0	0	0	0	0	1	0	0	0	0	0	0	0	0	0	0	0	0	0	0	0	0	0	15	0	0	0	0	50	0	0	0	0	0	0	0	0	0	0	0	0	0	0	0	0
388	Amulet of Health(+8)	이벤트	0	4	0	0	0	0	0	1	0	0	0	0	0	0	0	0	0	0	0	0	0	0	0	0	0	15	0	0	0	0	50	0	0	0	0	0	0	0	0	0	0	0	0	0	0	0	0
389	Amulet of Health(+9)	이벤트	0	4	0	0	0	0	0	1	0	0	0	0	0	0	0	0	0	0	0	0	0	0	0	0	0	15	0	0	0	0	50	0	0	0	0	0	0	0	0	0	0	0	0	0	0	0	0
390	Amulet of Health(+10)	이벤트	0	4	0	0	0	0	0	1	0	0	0	0	0	0	0	0	0	0	0	0	0	0	0	0	0	15	0	0	0	0	50	0	0	0	0	0	0	0	0	0	0	0	0	0	0	0	0
391	Elemental Necklace(+1)	이벤트	0	4	0	0	0	0	0	1	2	0	0	0	0	0	0	0	0	0	0	0	0	0	0	0	0	0	0	0	0	150	0	22	22	22	22	22	22	0	0	0	0	0	0	0	0	0	0
392	Elemental Necklace(+2)	이벤트	0	4	0	0	0	0	0	1	4	0	0	0	0	0	0	0	0	0	0	0	0	0	0	0	0	0	0	0	0	200	0	25	25	25	25	25	25	0	0	0	0	0	0	0	0	0	0
393	Elemental Necklace(+3)	이벤트	0	4	0	0	0	0	0	1	6	0	0	0	0	0	0	0	0	0	0	0	0	0	0	0	0	0	0	0	0	250	0	30	30	30	30	30	30	0	0	0	0	0	0	0	0	0	0
394	Elemental Necklace(+4)	이벤트	0	4	0	0	0	0	0	1	10	0	0	0	0	0	0	0	0	0	0	0	0	0	0	0	0	0	0	0	0	300	0	35	35	35	35	35	35	0	0	0	0	0	0	0	0	0	0
395	Elemental Necklace(+5)	이벤트	0	4	0	0	0	0	0	1	20	0	0	0	0	0	0	0	0	0	0	0	0	0	0	0	0	0	0	0	0	350	0	45	45	45	45	45	45	0	0	0	0	0	0	0	0	0	0
396	Elemental Necklace(+6)	이벤트	0	4	0	0	0	0	0	1	0	0	0	0	0	0	0	0	0	0	0	0	0	0	0	0	0	0	0	0	0	100	0	20	20	20	20	20	20	0	0	0	0	0	0	0	0	0	0
397	Elemental Necklace(+7)	이벤트	0	4	0	0	0	0	0	1	0	0	0	0	0	0	0	0	0	0	0	0	0	0	0	0	0	0	0	0	0	100	0	20	20	20	20	20	20	0	0	0	0	0	0	0	0	0	0
398	Elemental Necklace(+8)	이벤트	0	4	0	0	0	0	0	1	0	0	0	0	0	0	0	0	0	0	0	0	0	0	0	0	0	0	0	0	0	100	0	20	20	20	20	20	20	0	0	0	0	0	0	0	0	0	0
399	Elemental Necklace(+9)	이벤트	0	4	0	0	0	0	0	1	0	0	0	0	0	0	0	0	0	0	0	0	0	0	0	0	0	0	0	0	0	100	0	20	20	20	20	20	20	0	0	0	0	0	0	0	0	0	0
400	Elemental Necklace(+10)	이벤트	0	4	0	0	0	0	0	1	0	0	0	0	0	0	0	0	0	0	0	0	0	0	0	0	0	0	0	0	0	100	0	20	20	20	20	20	20	0	0	0	0	0	0	0	0	0	0
401	Crystal Necklace(+1)	이벤트	0	4	0	0	0	0	0	1	2	0	0	0	0	0	0	0	0	0	0	0	0	0	0	0	0	20	0	0	20	0	225	0	0	0	0	0	0	0	0	0	0	0	0	0	0	0	0
402	Crystal Necklace(+2)	이벤트	0	4	0	0	0	0	0	1	4	0	0	0	0	0	0	0	0	0	0	0	0	0	0	0	0	25	0	0	25	0	300	0	0	0	0	0	0	0	0	0	0	0	0	0	0	0	0
403	Crystal Necklace(+3)	이벤트	0	4	0	0	0	0	0	1	6	0	0	0	0	0	0	0	0	0	0	0	0	0	0	0	0	30	0	0	30	0	375	0	0	0	0	0	0	0	0	0	0	0	0	0	0	0	0
404	Crystal Necklace(+4)	이벤트	0	4	0	0	0	0	0	1	10	0	0	0	0	0	0	0	0	0	0	0	0	0	0	0	0	35	0	0	35	0	450	0	0	0	0	0	0	0	0	0	0	0	0	0	0	0	0
405	Crystal Necklace(+5)	이벤트	0	4	0	0	0	0	0	1	20	0	0	0	0	0	0	0	0	0	0	0	0	0	0	0	0	40	0	0	40	0	525	0	0	0	0	0	0	0	0	0	0	0	0	0	0	0	0
406	Crystal Necklace(+6)	이벤트	0	4	0	0	0	0	0	1	0	0	0	0	0	0	0	0	0	0	0	0	0	0	0	0	0	10	0	0	10	0	150	0	0	0	0	0	0	0	0	0	0	0	0	0	0	0	0
407	Crystal Necklace(+7)	이벤트	0	4	0	0	0	0	0	1	0	0	0	0	0	0	0	0	0	0	0	0	0	0	0	0	0	10	0	0	10	0	150	0	0	0	0	0	0	0	0	0	0	0	0	0	0	0	0
408	Crystal Necklace(+8)	이벤트	0	4	0	0	0	0	0	1	0	0	0	0	0	0	0	0	0	0	0	0	0	0	0	0	0	10	0	0	10	0	150	0	0	0	0	0	0	0	0	0	0	0	0	0	0	0	0
409	Crystal Necklace(+9)	이벤트	0	4	0	0	0	0	0	1	0	0	0	0	0	0	0	0	0	0	0	0	0	0	0	0	0	10	0	0	10	0	150	0	0	0	0	0	0	0	0	0	0	0	0	0	0	0	0
410	Crystal Necklace(+10)	이벤트	0	4	0	0	0	0	0	1	0	0	0	0	0	0	0	0	0	0	0	0	0	0	0	0	0	10	0	0	10	0	150	0	0	0	0	0	0	0	0	0	0	0	0	0	0	0	0
411	Iron Necklace(+1)	이벤트	0	4	0	0	0	0	0	1	0	11	11	11	11	11	11	0	0	0	0	0	0	0	0	0	7	25	0	0	0	0	0	0	0	0	0	0	0	0	0	0	0	0	0	0	0	0	0
412	Iron Necklace(+2)	이벤트	0	4	0	0	0	0	0	1	0	12	12	12	12	12	12	0	0	0	0	0	0	0	0	0	10	30	0	0	0	0	0	0	0	0	0	0	0	0	0	0	0	0	0	0	0	0	0
413	Iron Necklace(+3)	이벤트	0	4	0	0	0	0	0	1	0	13	13	13	13	13	13	0	0	0	0	0	0	0	0	0	12	35	0	0	0	0	0	0	0	0	0	0	0	0	0	0	0	0	0	0	0	0	0
414	Iron Necklace(+4)	이벤트	0	4	0	0	0	0	0	1	0	15	15	15	15	15	15	0	0	0	0	0	0	0	0	0	15	40	0	0	0	0	0	0	0	0	0	0	0	0	0	0	0	0	0	0	0	0	0
415	Iron Necklace(+5)	이벤트	0	4	0	0	0	0	0	1	0	20	20	20	20	20	20	0	0	0	0	0	0	0	0	0	18	45	0	0	0	0	0	0	0	0	0	0	0	0	0	0	0	0	0	0	0	0	0
416	Iron Necklace(+6)	이벤트	0	4	0	0	0	0	0	1	0	10	10	10	10	10	10	0	0	0	0	0	0	0	0	0	5	20	0	0	0	0	0	0	0	0	0	0	0	0	0	0	0	0	0	0	0	0	0
417	Iron Necklace(+7)	이벤트	0	4	0	0	0	0	0	1	0	10	10	10	10	10	10	0	0	0	0	0	0	0	0	0	5	20	0	0	0	0	0	0	0	0	0	0	0	0	0	0	0	0	0	0	0	0	0
418	Iron Necklace(+8)	이벤트	0	4	0	0	0	0	0	1	0	10	10	10	10	10	10	0	0	0	0	0	0	0	0	0	5	20	0	0	0	0	0	0	0	0	0	0	0	0	0	0	0	0	0	0	0	0	0
419	Iron Necklace(+9)	이벤트	0	4	0	0	0	0	0	1	0	10	10	10	10	10	10	0	0	0	0	0	0	0	0	0	5	20	0	0	0	0	0	0	0	0	0	0	0	0	0	0	0	0	0	0	0	0	0
420	Iron Necklace(+10)	이벤트	0	4	0	0	0	0	0	1	0	10	10	10	10	10	10	0	0	0	0	0	0	0	0	0	5	20	0	0	0	0	0	0	0	0	0	0	0	0	0	0	0	0	0	0	0	0	0
421	Amulet of Goddess (+1)	이벤트	0	4	0	0	0	0	0	1	2	0	0	0	0	0	0	0	0	0	0	0	0	0	0	0	0	7	0	25	0	160	75	0	0	0	0	0	0	0	0	0	0	0	0	0	0	0	0
422	Amulet of Goddess (+2)	이벤트	0	4	0	0	0	0	0	1	4	0	0	0	0	0	0	0	0	0	0	0	0	0	0	0	0	10	0	30	0	170	100	0	0	0	0	0	0	0	0	0	0	0	0	0	0	0	0
423	Amulet of Goddess (+3)	이벤트	0	4	0	0	0	0	0	1	6	0	0	0	0	0	0	0	0	0	0	0	0	0	0	0	0	12	0	35	0	180	125	0	0	0	0	0	0	0	0	0	0	0	0	0	0	0	0
424	Amulet of Goddess (+4)	이벤트	0	4	0	0	0	0	0	1	10	0	0	0	0	0	0	0	0	0	0	0	0	0	0	0	0	15	0	40	0	200	150	0	0	0	0	0	0	0	0	0	0	0	0	0	0	0	0
425	Amulet of Goddess (+5)	이벤트	0	4	0	0	0	0	0	1	20	0	0	0	0	0	0	0	0	0	0	0	0	0	0	0	0	18	0	45	0	250	200	0	0	0	0	0	0	0	0	0	0	0	0	0	0	0	0
426	Amulet of Goddess (+6)	이벤트	0	4	0	0	0	0	0	1	0	0	0	0	0	0	0	0	0	0	0	0	0	0	0	0	0	5	0	20	0	150	50	0	0	0	0	0	0	0	0	0	0	0	0	0	0	0	0
427	Amulet of Goddess (+7)	이벤트	0	4	0	0	0	0	0	1	0	0	0	0	0	0	0	0	0	0	0	0	0	0	0	0	0	5	0	20	0	150	50	0	0	0	0	0	0	0	0	0	0	0	0	0	0	0	0
428	Amulet of Goddess (+8)	이벤트	0	4	0	0	0	0	0	1	0	0	0	0	0	0	0	0	0	0	0	0	0	0	0	0	0	5	0	20	0	150	50	0	0	0	0	0	0	0	0	0	0	0	0	0	0	0	0
429	Amulet of Goddess (+9)	이벤트	0	4	0	0	0	0	0	1	0	0	0	0	0	0	0	0	0	0	0	0	0	0	0	0	0	5	0	20	0	150	50	0	0	0	0	0	0	0	0	0	0	0	0	0	0	0	0
430	Amulet of Goddess (+10)	이벤트	0	4	0	0	0	0	0	1	0	0	0	0	0	0	0	0	0	0	0	0	0	0	0	0	0	5	0	20	0	150	50	0	0	0	0	0	0	0	0	0	0	0	0	0	0	0	0
431	Blue Dragon Necklace(+1)	이벤트	0	4	0	0	0	0	0	1	2	0	0	0	0	0	0	0	0	0	0	0	0	0	0	0	0	0	0	0	15	150	0	0	0	55	0	0	0	0	0	0	0	0	0	0	0	0	0
432	Blue Dragon Necklace(+2)	이벤트	0	4	0	0	0	0	0	1	4	0	0	0	0	0	0	0	0	0	0	0	0	0	0	0	0	0	0	0	20	200	0	0	0	60	0	0	0	0	0	0	0	0	0	0	0	0	0
433	Blue Dragon Necklace(+3)	이벤트	0	4	0	0	0	0	0	1	6	0	0	0	0	0	0	0	0	0	0	0	0	0	0	0	0	0	0	0	25	200	0	0	0	70	0	0	0	0	0	0	0	0	0	0	0	0	0
434	Blue Dragon Necklace(+4)	이벤트	0	4	0	0	0	0	0	1	10	0	0	0	0	0	0	0	0	0	0	0	0	0	0	0	0	0	0	0	30	250	0	0	0	80	0	0	0	0	0	0	0	0	0	0	0	0	0
435	Blue Dragon Necklace(+5)	이벤트	0	4	0	0	0	0	0	1	20	0	0	0	0	0	0	0	0	0	0	0	0	0	0	0	0	0	0	0	35	350	0	0	0	100	0	0	0	0	0	0	0	0	0	0	0	0	0
436	Blue Dragon Necklace(+6)	이벤트	0	4	0	0	0	0	0	1	0	0	0	0	0	0	0	0	0	0	0	0	0	0	0	0	0	0	0	0	10	100	0	0	0	50	0	0	0	0	0	0	0	0	0	0	0	0	0
437	Blue Dragon Necklace(+7)	이벤트	0	4	0	0	0	0	0	1	0	0	0	0	0	0	0	0	0	0	0	0	0	0	0	0	0	0	0	0	10	100	0	0	0	50	0	0	0	0	0	0	0	0	0	0	0	0	0
438	Blue Dragon Necklace(+8)	이벤트	0	4	0	0	0	0	0	1	0	0	0	0	0	0	0	0	0	0	0	0	0	0	0	0	0	0	0	0	10	100	0	0	0	50	0	0	0	0	0	0	0	0	0	0	0	0	0
439	Blue Dragon Necklace(+9)	이벤트	0	4	0	0	0	0	0	1	0	0	0	0	0	0	0	0	0	0	0	0	0	0	0	0	0	0	0	0	10	100	0	0	0	50	0	0	0	0	0	0	0	0	0	0	0	0	0
440	Blue Dragon Necklace(+10)	이벤트	0	4	0	0	0	0	0	1	0	0	0	0	0	0	0	0	0	0	0	0	0	0	0	0	0	0	0	0	10	100	0	0	0	50	0	0	0	0	0	0	0	0	0	0	0	0	0
441	Red Dragon Amulet(+1)	이벤트	0	4	0	0	0	0	0	1	2	0	0	0	0	0	0	0	0	0	0	0	0	0	0	0	0	0	0	15	0	0	150	55	0	0	0	0	0	0	0	0	0	0	0	0	0	0	0
442	Red Dragon Amulet(+2)	이벤트	0	4	0	0	0	0	0	1	4	0	0	0	0	0	0	0	0	0	0	0	0	0	0	0	0	0	0	20	0	0	200	60	0	0	0	0	0	0	0	0	0	0	0	0	0	0	0
443	Red Dragon Amulet(+3)	이벤트	0	4	0	0	0	0	0	1	6	0	0	0	0	0	0	0	0	0	0	0	0	0	0	0	0	0	0	25	0	0	250	70	0	0	0	0	0	0	0	0	0	0	0	0	0	0	0
444	Red Dragon Amulet(+4)	이벤트	0	4	0	0	0	0	0	1	10	0	0	0	0	0	0	0	0	0	0	0	0	0	0	0	0	0	0	30	0	0	300	80	0	0	0	0	0	0	0	0	0	0	0	0	0	0	0
445	Red Dragon Amulet(+5)	이벤트	0	4	0	0	0	0	0	1	20	0	0	0	0	0	0	0	0	0	0	0	0	0	0	0	0	0	0	35	0	0	350	100	0	0	0	0	0	0	0	0	0	0	0	0	0	0	0
446	Red Dragon Amulet(+6)	이벤트	0	4	0	0	0	0	0	1	0	0	0	0	0	0	0	0	0	0	0	0	0	0	0	0	0	0	0	10	0	0	100	50	0	0	0	0	0	0	0	0	0	0	0	0	0	0	0
447	Red Dragon Amulet(+7)	이벤트	0	4	0	0	0	0	0	1	0	0	0	0	0	0	0	0	0	0	0	0	0	0	0	0	0	0	0	10	0	0	100	50	0	0	0	0	0	0	0	0	0	0	0	0	0	0	0
448	Red Dragon Amulet(+8)	이벤트	0	4	0	0	0	0	0	1	0	0	0	0	0	0	0	0	0	0	0	0	0	0	0	0	0	0	0	10	0	0	100	50	0	0	0	0	0	0	0	0	0	0	0	0	0	0	0
449	Red Dragon Amulet(+9)	이벤트	0	4	0	0	0	0	0	1	0	0	0	0	0	0	0	0	0	0	0	0	0	0	0	0	0	0	0	10	0	0	100	50	0	0	0	0	0	0	0	0	0	0	0	0	0	0	0
450	Red Dragon Amulet(+10)	이벤트	0	4	0	0	0	0	0	1	0	0	0	0	0	0	0	0	0	0	0	0	0	0	0	0	0	0	0	10	0	0	100	50	0	0	0	0	0	0	0	0	0	0	0	0	0	0	0
451	Black Dragon Necklace(+1)	이벤트	0	4	0	0	0	0	0	1	2	0	0	0	0	0	0	0	0	0	0	0	0	0	0	0	0	0	15	0	0	150	0	0	0	0	55	0	0	0	0	0	0	0	0	0	0	0	0
452	Black Dragon Necklace(+2)	이벤트	0	4	0	0	0	0	0	1	4	0	0	0	0	0	0	0	0	0	0	0	0	0	0	0	0	0	20	0	0	200	0	0	0	0	60	0	0	0	0	0	0	0	0	0	0	0	0
453	Black Dragon Necklace(+3)	이벤트	0	4	0	0	0	0	0	1	6	0	0	0	0	0	0	0	0	0	0	0	0	0	0	0	0	0	25	0	0	250	0	0	0	0	70	0	0	0	0	0	0	0	0	0	0	0	0
454	Black Dragon Necklace(+4)	이벤트	0	4	0	0	0	0	0	1	10	0	0	0	0	0	0	0	0	0	0	0	0	0	0	0	0	0	30	0	0	300	0	0	0	0	80	0	0	0	0	0	0	0	0	0	0	0	0
455	Black Dragon Necklace(+5)	이벤트	0	4	0	0	0	0	0	1	20	0	0	0	0	0	0	0	0	0	0	0	0	0	0	0	0	0	35	0	0	350	0	0	0	0	100	0	0	0	0	0	0	0	0	0	0	0	0
456	Black Dragon Necklace(+6)	이벤트	0	4	0	0	0	0	0	1	0	0	0	0	0	0	0	0	0	0	0	0	0	0	0	0	0	0	10	0	0	100	0	0	0	0	50	0	0	0	0	0	0	0	0	0	0	0	0
457	Black Dragon Necklace(+7)	이벤트	0	4	0	0	0	0	0	1	0	0	0	0	0	0	0	0	0	0	0	0	0	0	0	0	0	0	10	0	0	100	0	0	0	0	50	0	0	0	0	0	0	0	0	0	0	0	0
458	Black Dragon Necklace(+8)	이벤트	0	4	0	0	0	0	0	1	0	0	0	0	0	0	0	0	0	0	0	0	0	0	0	0	0	0	10	0	0	100	0	0	0	0	50	0	0	0	0	0	0	0	0	0	0	0	0
459	Black Dragon Necklace(+9)	이벤트	0	4	0	0	0	0	0	1	0	0	0	0	0	0	0	0	0	0	0	0	0	0	0	0	0	0	10	0	0	100	0	0	0	0	50	0	0	0	0	0	0	0	0	0	0	0	0
460	Black Dragon Necklace(+10)	이벤트	0	4	0	0	0	0	0	1	0	0	0	0	0	0	0	0	0	0	0	0	0	0	0	0	0	0	10	0	0	100	0	0	0	0	50	0	0	0	0	0	0	0	0	0	0	0	0
461	Green Dragon Amulet(+1)	이벤트	0	4	0	0	0	0	0	1	2	0	0	0	0	0	0	0	0	0	0	0	0	0	0	0	0	15	0	0	0	0	150	0	0	0	0	55	0	0	0	0	0	0	0	0	0	0	0
462	Green Dragon Amulet(+2)	이벤트	0	4	0	0	0	0	0	1	4	0	0	0	0	0	0	0	0	0	0	0	0	0	0	0	0	20	0	0	0	0	200	0	0	0	0	60	0	0	0	0	0	0	0	0	0	0	0
463	Green Dragon Amulet(+3)	이벤트	0	4	0	0	0	0	0	1	6	0	0	0	0	0	0	0	0	0	0	0	0	0	0	0	0	25	0	0	0	0	250	0	0	0	0	70	0	0	0	0	0	0	0	0	0	0	0
464	Green Dragon Amulet(+4)	이벤트	0	4	0	0	0	0	0	1	10	0	0	0	0	0	0	0	0	0	0	0	0	0	0	0	0	30	0	0	0	0	300	0	0	0	0	80	0	0	0	0	0	0	0	0	0	0	0
465	Green Dragon Amulet(+5)	이벤트	0	4	0	0	0	0	0	1	20	0	0	0	0	0	0	0	0	0	0	0	0	0	0	0	0	35	0	0	0	0	350	0	0	0	0	100	0	0	0	0	0	0	0	0	0	0	0
466	Green Dragon Amulet(+6)	이벤트	0	4	0	0	0	0	0	1	0	0	0	0	0	0	0	0	0	0	0	0	0	0	0	0	0	10	0	0	0	0	100	0	0	0	0	50	0	0	0	0	0	0	0	0	0	0	0
467	Green Dragon Amulet(+7)	이벤트	0	4	0	0	0	0	0	1	0	0	0	0	0	0	0	0	0	0	0	0	0	0	0	0	0	10	0	0	0	0	100	0	0	0	0	50	0	0	0	0	0	0	0	0	0	0	0
468	Green Dragon Amulet(+8)	이벤트	0	4	0	0	0	0	0	1	0	0	0	0	0	0	0	0	0	0	0	0	0	0	0	0	0	10	0	0	0	0	100	0	0	0	0	50	0	0	0	0	0	0	0	0	0	0	0
469	Green Dragon Amulet(+9)	이벤트	0	4	0	0	0	0	0	1	0	0	0	0	0	0	0	0	0	0	0	0	0	0	0	0	0	10	0	0	0	0	100	0	0	0	0	50	0	0	0	0	0	0	0	0	0	0	0
470	Green Dragon Amulet(+10)	이벤트	0	4	0	0	0	0	0	1	0	0	0	0	0	0	0	0	0	0	0	0	0	0	0	0	0	10	0	0	0	0	100	0	0	0	0	50	0	0	0	0	0	0	0	0	0	0	0
471	White Dragon Necklace(+1)	이벤트	0	4	0	0	0	0	0	1	2	0	0	0	0	0	0	0	0	0	0	0	0	0	0	0	15	0	0	0	0	150	0	0	55	0	0	0	0	0	0	0	0	0	0	0	0	0	0
472	White Dragon Necklace(+2)	이벤트	0	4	0	0	0	0	0	1	4	0	0	0	0	0	0	0	0	0	0	0	0	0	0	0	20	0	0	0	0	200	0	0	60	0	0	0	0	0	0	0	0	0	0	0	0	0	0
473	White Dragon Necklace(+3)	이벤트	0	4	0	0	0	0	0	1	6	0	0	0	0	0	0	0	0	0	0	0	0	0	0	0	25	0	0	0	0	250	0	0	70	0	0	0	0	0	0	0	0	0	0	0	0	0	0
474	White Dragon Necklace(+4)	이벤트	0	4	0	0	0	0	0	1	10	0	0	0	0	0	0	0	0	0	0	0	0	0	0	0	30	0	0	0	0	300	0	0	80	0	0	0	0	0	0	0	0	0	0	0	0	0	0
475	White Dragon Necklace(+5)	이벤트	0	4	0	0	0	0	0	1	20	0	0	0	0	0	0	0	0	0	0	0	0	0	0	0	35	0	0	0	0	350	0	0	100	0	0	0	0	0	0	0	0	0	0	0	0	0	0
476	White Dragon Necklace(+6)	이벤트	0	4	0	0	0	0	0	1	0	0	0	0	0	0	0	0	0	0	0	0	0	0	0	0	10	0	0	0	0	100	0	0	50	0	0	0	0	0	0	0	0	0	0	0	0	0	0
477	White Dragon Necklace(+7)	이벤트	0	4	0	0	0	0	0	1	0	0	0	0	0	0	0	0	0	0	0	0	0	0	0	0	10	0	0	0	0	100	0	0	50	0	0	0	0	0	0	0	0	0	0	0	0	0	0
478	White Dragon Necklace(+8)	이벤트	0	4	0	0	0	0	0	1	0	0	0	0	0	0	0	0	0	0	0	0	0	0	0	0	10	0	0	0	0	100	0	0	50	0	0	0	0	0	0	0	0	0	0	0	0	0	0
479	White Dragon Necklace(+9)	이벤트	0	4	0	0	0	0	0	1	0	0	0	0	0	0	0	0	0	0	0	0	0	0	0	0	10	0	0	0	0	100	0	0	50	0	0	0	0	0	0	0	0	0	0	0	0	0	0
480	White Dragon Necklace(+10)	이벤트	0	4	0	0	0	0	0	1	0	0	0	0	0	0	0	0	0	0	0	0	0	0	0	0	10	0	0	0	0	100	0	0	50	0	0	0	0	0	0	0	0	0	0	0	0	0	0
501	Strength	힘	0	5	0	0	0	0	0	2	0	0	0	0	0	0	0	0	0	0	0	0	0	0	0	0	12	1	0	0	0	0	0	0	0	0	0	0	0	0	0	2	0	0	0	0	0	0	0
502	Strength	힘	0	5	0	0	0	0	0	3	0	0	0	0	0	0	0	0	0	0	0	0	0	0	0	0	14	2	0	0	0	0	0	0	0	0	0	0	0	0	0	4	0	0	0	0	0	0	0
503	Strength	힘	0	5	0	0	0	0	0	4	0	0	0	0	0	0	0	0	0	0	0	0	0	0	0	0	16	3	0	0	0	0	0	0	0	0	0	0	0	0	0	6	0	0	0	0	0	0	0
504	Strength	힘	0	5	0	0	0	0	0	4	0	0	0	0	0	0	0	0	0	0	0	0	0	0	0	0	18	5	0	0	0	0	0	0	0	0	0	0	0	0	0	8	0	0	0	0	0	0	0
505	Strength	힘	0	5	0	0	0	0	0	4	0	0	0	0	0	0	0	0	0	0	0	0	0	0	0	0	20	8	0	0	0	0	0	0	0	0	0	0	0	0	0	10	0	0	0	0	0	0	0
506	Strength	힘	0	5	0	0	0	0	0	4	0	0	0	0	0	0	0	0	0	0	0	0	0	0	0	0	10	0	0	0	0	0	0	0	0	0	0	0	0	0	0	12	0	0	0	0	0	0	0
507	Strength	힘	0	5	0	0	0	0	0	4	0	0	0	0	0	0	0	0	0	0	0	0	0	0	0	0	10	0	0	0	0	0	0	0	0	0	0	0	0	0	0	14	0	0	0	0	0	0	0
508	Strength	힘	0	5	0	0	0	0	0	4	0	0	0	0	0	0	0	0	0	0	0	0	0	0	0	0	10	0	0	0	0	0	0	0	0	0	0	0	0	0	0	16	0	0	0	0	0	0	0
509	Strength	힘	0	5	0	0	0	0	0	4	0	0	0	0	0	0	0	0	0	0	0	0	0	0	0	0	10	0	0	0	0	0	0	0	0	0	0	0	0	0	0	18	0	0	0	0	0	0	0
510	Strength	힘	0	5	0	0	0	0	0	4	0	0	0	0	0	0	0	0	0	0	0	0	0	0	0	0	10	0	0	0	0	0	0	0	0	0	0	0	0	0	0	20	0	0	0	0	0	0	0
511	Strength	힘	0	5	0	0	0	0	0	2	0	0	0	0	0	0	0	0	0	0	0	0	0	0	0	0	12	0	1	0	0	0	0	0	0	0	0	0	0	0	0	2	0	0	0	0	0	0	0
512	Strength	힘	0	5	0	0	0	0	0	3	0	0	0	0	0	0	0	0	0	0	0	0	0	0	0	0	14	0	2	0	0	0	0	0	0	0	0	0	0	0	0	4	0	0	0	0	0	0	0
513	Strength	힘	0	5	0	0	0	0	0	4	0	0	0	0	0	0	0	0	0	0	0	0	0	0	0	0	16	0	3	0	0	0	0	0	0	0	0	0	0	0	0	6	0	0	0	0	0	0	0
514	Strength	힘	0	5	0	0	0	0	0	4	0	0	0	0	0	0	0	0	0	0	0	0	0	0	0	0	18	0	5	0	0	0	0	0	0	0	0	0	0	0	0	8	0	0	0	0	0	0	0
515	Strength	힘	0	5	0	0	0	0	0	4	0	0	0	0	0	0	0	0	0	0	0	0	0	0	0	0	20	0	8	0	0	0	0	0	0	0	0	0	0	0	0	10	0	0	0	0	0	0	0
516	Strength	힘	0	5	0	0	0	0	0	4	0	0	0	0	0	0	0	0	0	0	0	0	0	0	0	0	10	0	0	0	0	0	0	0	0	0	0	0	0	0	0	12	0	0	0	0	0	0	0
517	Strength	힘	0	5	0	0	0	0	0	4	0	0	0	0	0	0	0	0	0	0	0	0	0	0	0	0	10	0	0	0	0	0	0	0	0	0	0	0	0	0	0	14	0	0	0	0	0	0	0
518	Strength	힘	0	5	0	0	0	0	0	4	0	0	0	0	0	0	0	0	0	0	0	0	0	0	0	0	10	0	0	0	0	0	0	0	0	0	0	0	0	0	0	16	0	0	0	0	0	0	0
519	Strength	힘	0	5	0	0	0	0	0	4	0	0	0	0	0	0	0	0	0	0	0	0	0	0	0	0	10	0	0	0	0	0	0	0	0	0	0	0	0	0	0	18	0	0	0	0	0	0	0
520	Strength	힘	0	5	0	0	0	0	0	4	0	0	0	0	0	0	0	0	0	0	0	0	0	0	0	0	10	0	0	0	0	0	0	0	0	0	0	0	0	0	0	20	0	0	0	0	0	0	0
521	Strength	힘	0	5	0	0	0	0	0	2	0	0	0	0	0	0	0	0	0	0	0	0	0	0	0	0	12	0	0	1	0	0	0	0	0	0	0	0	0	0	0	2	0	0	0	0	0	0	0
522	Strength	힘	0	5	0	0	0	0	0	3	0	0	0	0	0	0	0	0	0	0	0	0	0	0	0	0	14	0	0	2	0	0	0	0	0	0	0	0	0	0	0	4	0	0	0	0	0	0	0
523	Strength	힘	0	5	0	0	0	0	0	4	0	0	0	0	0	0	0	0	0	0	0	0	0	0	0	0	16	0	0	3	0	0	0	0	0	0	0	0	0	0	0	6	0	0	0	0	0	0	0
524	Strength	힘	0	5	0	0	0	0	0	4	0	0	0	0	0	0	0	0	0	0	0	0	0	0	0	0	18	0	0	5	0	0	0	0	0	0	0	0	0	0	0	8	0	0	0	0	0	0	0
525	Strength	힘	0	5	0	0	0	0	0	4	0	0	0	0	0	0	0	0	0	0	0	0	0	0	0	0	20	0	0	8	0	0	0	0	0	0	0	0	0	0	0	10	0	0	0	0	0	0	0
526	Strength	힘	0	5	0	0	0	0	0	4	0	0	0	0	0	0	0	0	0	0	0	0	0	0	0	0	10	0	0	0	0	0	0	0	0	0	0	0	0	0	0	12	0	0	0	0	0	0	0
527	Strength	힘	0	5	0	0	0	0	0	4	0	0	0	0	0	0	0	0	0	0	0	0	0	0	0	0	10	0	0	0	0	0	0	0	0	0	0	0	0	0	0	14	0	0	0	0	0	0	0
528	Strength	힘	0	5	0	0	0	0	0	4	0	0	0	0	0	0	0	0	0	0	0	0	0	0	0	0	10	0	0	0	0	0	0	0	0	0	0	0	0	0	0	16	0	0	0	0	0	0	0
529	Strength	힘	0	5	0	0	0	0	0	4	0	0	0	0	0	0	0	0	0	0	0	0	0	0	0	0	10	0	0	0	0	0	0	0	0	0	0	0	0	0	0	18	0	0	0	0	0	0	0
530	Strength	힘	0	5	0	0	0	0	0	4	0	0	0	0	0	0	0	0	0	0	0	0	0	0	0	0	10	0	0	0	0	0	0	0	0	0	0	0	0	0	0	20	0	0	0	0	0	0	0
531	Strength	힘	0	5	0	0	0	0	0	2	0	0	0	0	0	0	0	0	0	0	0	0	0	0	0	0	12	0	0	0	1	0	0	0	0	0	0	0	0	0	0	2	0	0	0	0	0	0	0
532	Strength	힘	0	5	0	0	0	0	0	3	0	0	0	0	0	0	0	0	0	0	0	0	0	0	0	0	14	0	0	0	2	0	0	0	0	0	0	0	0	0	0	4	0	0	0	0	0	0	0
533	Strength	힘	0	5	0	0	0	0	0	4	0	0	0	0	0	0	0	0	0	0	0	0	0	0	0	0	16	0	0	0	3	0	0	0	0	0	0	0	0	0	0	6	0	0	0	0	0	0	0
534	Strength	힘	0	5	0	0	0	0	0	4	0	0	0	0	0	0	0	0	0	0	0	0	0	0	0	0	18	0	0	0	5	0	0	0	0	0	0	0	0	0	0	8	0	0	0	0	0	0	0
535	Strength	힘	0	5	0	0	0	0	0	4	0	0	0	0	0	0	0	0	0	0	0	0	0	0	0	0	20	0	0	0	8	0	0	0	0	0	0	0	0	0	0	10	0	0	0	0	0	0	0
536	Strength	힘	0	5	0	0	0	0	0	4	0	0	0	0	0	0	0	0	0	0	0	0	0	0	0	0	10	0	0	0	0	0	0	0	0	0	0	0	0	0	0	12	0	0	0	0	0	0	0
537	Strength	힘	0	5	0	0	0	0	0	4	0	0	0	0	0	0	0	0	0	0	0	0	0	0	0	0	10	0	0	0	0	0	0	0	0	0	0	0	0	0	0	14	0	0	0	0	0	0	0
538	Strength	힘	0	5	0	0	0	0	0	4	0	0	0	0	0	0	0	0	0	0	0	0	0	0	0	0	10	0	0	0	0	0	0	0	0	0	0	0	0	0	0	16	0	0	0	0	0	0	0
539	Strength	힘	0	5	0	0	0	0	0	4	0	0	0	0	0	0	0	0	0	0	0	0	0	0	0	0	10	0	0	0	0	0	0	0	0	0	0	0	0	0	0	18	0	0	0	0	0	0	0
540	Strength	힘	0	5	0	0	0	0	0	4	0	0	0	0	0	0	0	0	0	0	0	0	0	0	0	0	10	0	0	0	0	0	0	0	0	0	0	0	0	0	0	20	0	0	0	0	0	0	0
551	Stamina	체력	0	5	0	0	0	0	0	2	0	0	0	0	0	0	0	0	0	0	0	0	0	0	0	0	1	12	0	0	0	0	0	0	0	0	0	0	0	0	0	2	0	0	0	0	0	0	0
552	Stamina	체력	0	5	0	0	0	0	0	3	0	0	0	0	0	0	0	0	0	0	0	0	0	0	0	0	2	14	0	0	0	0	0	0	0	0	0	0	0	0	0	4	0	0	0	0	0	0	0
553	Stamina	체력	0	5	0	0	0	0	0	4	0	0	0	0	0	0	0	0	0	0	0	0	0	0	0	0	3	16	0	0	0	0	0	0	0	0	0	0	0	0	0	6	0	0	0	0	0	0	0
554	Stamina	체력	0	5	0	0	0	0	0	4	0	0	0	0	0	0	0	0	0	0	0	0	0	0	0	0	5	18	0	0	0	0	0	0	0	0	0	0	0	0	0	8	0	0	0	0	0	0	0
555	Stamina	체력	0	5	0	0	0	0	0	4	0	0	0	0	0	0	0	0	0	0	0	0	0	0	0	0	8	20	0	0	0	0	0	0	0	0	0	0	0	0	0	10	0	0	0	0	0	0	0
556	Stamina	체력	0	5	0	0	0	0	0	4	0	0	0	0	0	0	0	0	0	0	0	0	0	0	0	0	0	10	0	0	0	0	0	0	0	0	0	0	0	0	0	12	0	0	0	0	0	0	0
557	Stamina	체력	0	5	0	0	0	0	0	4	0	0	0	0	0	0	0	0	0	0	0	0	0	0	0	0	0	10	0	0	0	0	0	0	0	0	0	0	0	0	0	14	0	0	0	0	0	0	0
558	Stamina	체력	0	5	0	0	0	0	0	4	0	0	0	0	0	0	0	0	0	0	0	0	0	0	0	0	0	10	0	0	0	0	0	0	0	0	0	0	0	0	0	16	0	0	0	0	0	0	0
559	Stamina	체력	0	5	0	0	0	0	0	4	0	0	0	0	0	0	0	0	0	0	0	0	0	0	0	0	0	10	0	0	0	0	0	0	0	0	0	0	0	0	0	18	0	0	0	0	0	0	0
560	Stamina	체력	0	5	0	0	0	0	0	4	0	0	0	0	0	0	0	0	0	0	0	0	0	0	0	0	0	10	0	0	0	0	0	0	0	0	0	0	0	0	0	20	0	0	0	0	0	0	0
561	Stamina	체력	0	5	0	0	0	0	0	2	0	0	0	0	0	0	0	0	0	0	0	0	0	0	0	0	0	12	1	0	0	0	0	0	0	0	0	0	0	0	0	2	0	0	0	0	0	0	0
562	Stamina	체력	0	5	0	0	0	0	0	3	0	0	0	0	0	0	0	0	0	0	0	0	0	0	0	0	0	14	2	0	0	0	0	0	0	0	0	0	0	0	0	4	0	0	0	0	0	0	0
563	Stamina	체력	0	5	0	0	0	0	0	4	0	0	0	0	0	0	0	0	0	0	0	0	0	0	0	0	0	16	3	0	0	0	0	0	0	0	0	0	0	0	0	6	0	0	0	0	0	0	0
564	Stamina	체력	0	5	0	0	0	0	0	4	0	0	0	0	0	0	0	0	0	0	0	0	0	0	0	0	0	18	5	0	0	0	0	0	0	0	0	0	0	0	0	8	0	0	0	0	0	0	0
565	Stamina	체력	0	5	0	0	0	0	0	4	0	0	0	0	0	0	0	0	0	0	0	0	0	0	0	0	0	20	8	0	0	0	0	0	0	0	0	0	0	0	0	10	0	0	0	0	0	0	0
566	Stamina	체력	0	5	0	0	0	0	0	4	0	0	0	0	0	0	0	0	0	0	0	0	0	0	0	0	0	10	0	0	0	0	0	0	0	0	0	0	0	0	0	12	0	0	0	0	0	0	0
567	Stamina	체력	0	5	0	0	0	0	0	4	0	0	0	0	0	0	0	0	0	0	0	0	0	0	0	0	0	10	0	0	0	0	0	0	0	0	0	0	0	0	0	14	0	0	0	0	0	0	0
568	Stamina	체력	0	5	0	0	0	0	0	4	0	0	0	0	0	0	0	0	0	0	0	0	0	0	0	0	0	10	0	0	0	0	0	0	0	0	0	0	0	0	0	16	0	0	0	0	0	0	0
569	Stamina	체력	0	5	0	0	0	0	0	4	0	0	0	0	0	0	0	0	0	0	0	0	0	0	0	0	0	10	0	0	0	0	0	0	0	0	0	0	0	0	0	18	0	0	0	0	0	0	0
570	Stamina	체력	0	5	0	0	0	0	0	4	0	0	0	0	0	0	0	0	0	0	0	0	0	0	0	0	0	10	0	0	0	0	0	0	0	0	0	0	0	0	0	20	0	0	0	0	0	0	0
571	Stamina	체력	0	5	0	0	0	0	0	2	0	0	0	0	0	0	0	0	0	0	0	0	0	0	0	0	0	12	0	1	0	0	0	0	0	0	0	0	0	0	0	2	0	0	0	0	0	0	0
572	Stamina	체력	0	5	0	0	0	0	0	3	0	0	0	0	0	0	0	0	0	0	0	0	0	0	0	0	0	14	0	2	0	0	0	0	0	0	0	0	0	0	0	4	0	0	0	0	0	0	0
573	Stamina	체력	0	5	0	0	0	0	0	4	0	0	0	0	0	0	0	0	0	0	0	0	0	0	0	0	0	16	0	3	0	0	0	0	0	0	0	0	0	0	0	6	0	0	0	0	0	0	0
574	Stamina	체력	0	5	0	0	0	0	0	4	0	0	0	0	0	0	0	0	0	0	0	0	0	0	0	0	0	18	0	5	0	0	0	0	0	0	0	0	0	0	0	8	0	0	0	0	0	0	0
575	Stamina	체력	0	5	0	0	0	0	0	4	0	0	0	0	0	0	0	0	0	0	0	0	0	0	0	0	0	20	0	8	0	0	0	0	0	0	0	0	0	0	0	10	0	0	0	0	0	0	0
576	Stamina	체력	0	5	0	0	0	0	0	4	0	0	0	0	0	0	0	0	0	0	0	0	0	0	0	0	0	10	0	0	0	0	0	0	0	0	0	0	0	0	0	12	0	0	0	0	0	0	0
577	Stamina	체력	0	5	0	0	0	0	0	4	0	0	0	0	0	0	0	0	0	0	0	0	0	0	0	0	0	10	0	0	0	0	0	0	0	0	0	0	0	0	0	14	0	0	0	0	0	0	0
578	Stamina	체력	0	5	0	0	0	0	0	4	0	0	0	0	0	0	0	0	0	0	0	0	0	0	0	0	0	10	0	0	0	0	0	0	0	0	0	0	0	0	0	16	0	0	0	0	0	0	0
579	Stamina	체력	0	5	0	0	0	0	0	4	0	0	0	0	0	0	0	0	0	0	0	0	0	0	0	0	0	10	0	0	0	0	0	0	0	0	0	0	0	0	0	18	0	0	0	0	0	0	0
580	Stamina	체력	0	5	0	0	0	0	0	4	0	0	0	0	0	0	0	0	0	0	0	0	0	0	0	0	0	10	0	0	0	0	0	0	0	0	0	0	0	0	0	20	0	0	0	0	0	0	0
581	Stamina	체력	0	5	0	0	0	0	0	2	0	0	0	0	0	0	0	0	0	0	0	0	0	0	0	0	0	12	0	0	1	0	0	0	0	0	0	0	0	0	0	2	0	0	0	0	0	0	0
582	Stamina	체력	0	5	0	0	0	0	0	3	0	0	0	0	0	0	0	0	0	0	0	0	0	0	0	0	0	14	0	0	2	0	0	0	0	0	0	0	0	0	0	4	0	0	0	0	0	0	0
583	Stamina	체력	0	5	0	0	0	0	0	4	0	0	0	0	0	0	0	0	0	0	0	0	0	0	0	0	0	16	0	0	3	0	0	0	0	0	0	0	0	0	0	6	0	0	0	0	0	0	0
584	Stamina	체력	0	5	0	0	0	0	0	4	0	0	0	0	0	0	0	0	0	0	0	0	0	0	0	0	0	18	0	0	5	0	0	0	0	0	0	0	0	0	0	8	0	0	0	0	0	0	0
585	Stamina	체력	0	5	0	0	0	0	0	4	0	0	0	0	0	0	0	0	0	0	0	0	0	0	0	0	0	20	0	0	8	0	0	0	0	0	0	0	0	0	0	10	0	0	0	0	0	0	0
586	Stamina	체력	0	5	0	0	0	0	0	4	0	0	0	0	0	0	0	0	0	0	0	0	0	0	0	0	0	10	0	0	0	0	0	0	0	0	0	0	0	0	0	12	0	0	0	0	0	0	0
587	Stamina	체력	0	5	0	0	0	0	0	4	0	0	0	0	0	0	0	0	0	0	0	0	0	0	0	0	0	10	0	0	0	0	0	0	0	0	0	0	0	0	0	14	0	0	0	0	0	0	0
588	Stamina	체력	0	5	0	0	0	0	0	4	0	0	0	0	0	0	0	0	0	0	0	0	0	0	0	0	0	10	0	0	0	0	0	0	0	0	0	0	0	0	0	16	0	0	0	0	0	0	0
589	Stamina	체력	0	5	0	0	0	0	0	4	0	0	0	0	0	0	0	0	0	0	0	0	0	0	0	0	0	10	0	0	0	0	0	0	0	0	0	0	0	0	0	18	0	0	0	0	0	0	0
590	Stamina	체력	0	5	0	0	0	0	0	4	0	0	0	0	0	0	0	0	0	0	0	0	0	0	0	0	0	10	0	0	0	0	0	0	0	0	0	0	0	0	0	20	0	0	0	0	0	0	0
601	Agility	민첩	0	5	0	0	0	0	0	2	0	0	0	0	0	0	0	0	0	0	0	0	0	0	0	0	1	0	12	0	0	0	0	0	0	0	0	0	0	0	0	2	0	0	0	0	0	0	0
602	Agility	민첩	0	5	0	0	0	0	0	3	0	0	0	0	0	0	0	0	0	0	0	0	0	0	0	0	2	0	14	0	0	0	0	0	0	0	0	0	0	0	0	4	0	0	0	0	0	0	0
603	Agility	민첩	0	5	0	0	0	0	0	4	0	0	0	0	0	0	0	0	0	0	0	0	0	0	0	0	3	0	16	0	0	0	0	0	0	0	0	0	0	0	0	6	0	0	0	0	0	0	0
604	Agility	민첩	0	5	0	0	0	0	0	4	0	0	0	0	0	0	0	0	0	0	0	0	0	0	0	0	5	0	18	0	0	0	0	0	0	0	0	0	0	0	0	8	0	0	0	0	0	0	0
605	Agility	민첩	0	5	0	0	0	0	0	4	0	0	0	0	0	0	0	0	0	0	0	0	0	0	0	0	8	0	20	0	0	0	0	0	0	0	0	0	0	0	0	10	0	0	0	0	0	0	0
606	Agility	민첩	0	5	0	0	0	0	0	4	0	0	0	0	0	0	0	0	0	0	0	0	0	0	0	0	0	0	10	0	0	0	0	0	0	0	0	0	0	0	0	12	0	0	0	0	0	0	0
607	Agility	민첩	0	5	0	0	0	0	0	4	0	0	0	0	0	0	0	0	0	0	0	0	0	0	0	0	0	0	10	0	0	0	0	0	0	0	0	0	0	0	0	14	0	0	0	0	0	0	0
608	Agility	민첩	0	5	0	0	0	0	0	4	0	0	0	0	0	0	0	0	0	0	0	0	0	0	0	0	0	0	10	0	0	0	0	0	0	0	0	0	0	0	0	16	0	0	0	0	0	0	0
609	Agility	민첩	0	5	0	0	0	0	0	4	0	0	0	0	0	0	0	0	0	0	0	0	0	0	0	0	0	0	10	0	0	0	0	0	0	0	0	0	0	0	0	18	0	0	0	0	0	0	0
610	Agility	민첩	0	5	0	0	0	0	0	4	0	0	0	0	0	0	0	0	0	0	0	0	0	0	0	0	0	0	10	0	0	0	0	0	0	0	0	0	0	0	0	20	0	0	0	0	0	0	0
611	Agility	민첩	0	5	0	0	0	0	0	2	0	0	0	0	0	0	0	0	0	0	0	0	0	0	0	0	0	1	12	0	0	0	0	0	0	0	0	0	0	0	0	2	0	0	0	0	0	0	0
612	Agility	민첩	0	5	0	0	0	0	0	3	0	0	0	0	0	0	0	0	0	0	0	0	0	0	0	0	0	2	14	0	0	0	0	0	0	0	0	0	0	0	0	4	0	0	0	0	0	0	0
613	Agility	민첩	0	5	0	0	0	0	0	4	0	0	0	0	0	0	0	0	0	0	0	0	0	0	0	0	0	3	16	0	0	0	0	0	0	0	0	0	0	0	0	6	0	0	0	0	0	0	0
614	Agility	민첩	0	5	0	0	0	0	0	4	0	0	0	0	0	0	0	0	0	0	0	0	0	0	0	0	0	5	18	0	0	0	0	0	0	0	0	0	0	0	0	8	0	0	0	0	0	0	0
615	Agility	민첩	0	5	0	0	0	0	0	4	0	0	0	0	0	0	0	0	0	0	0	0	0	0	0	0	0	8	20	0	0	0	0	0	0	0	0	0	0	0	0	10	0	0	0	0	0	0	0
616	Agility	민첩	0	5	0	0	0	0	0	4	0	0	0	0	0	0	0	0	0	0	0	0	0	0	0	0	0	0	10	0	0	0	0	0	0	0	0	0	0	0	0	12	0	0	0	0	0	0	0
617	Agility	민첩	0	5	0	0	0	0	0	4	0	0	0	0	0	0	0	0	0	0	0	0	0	0	0	0	0	0	10	0	0	0	0	0	0	0	0	0	0	0	0	14	0	0	0	0	0	0	0
618	Agility	민첩	0	5	0	0	0	0	0	4	0	0	0	0	0	0	0	0	0	0	0	0	0	0	0	0	0	0	10	0	0	0	0	0	0	0	0	0	0	0	0	16	0	0	0	0	0	0	0
619	Agility	민첩	0	5	0	0	0	0	0	4	0	0	0	0	0	0	0	0	0	0	0	0	0	0	0	0	0	0	10	0	0	0	0	0	0	0	0	0	0	0	0	18	0	0	0	0	0	0	0
620	Agility	민첩	0	5	0	0	0	0	0	4	0	0	0	0	0	0	0	0	0	0	0	0	0	0	0	0	0	0	10	0	0	0	0	0	0	0	0	0	0	0	0	20	0	0	0	0	0	0	0
621	Agility	민첩	0	5	0	0	0	0	0	2	0	0	0	0	0	0	0	0	0	0	0	0	0	0	0	0	0	0	12	1	0	0	0	0	0	0	0	0	0	0	0	2	0	0	0	0	0	0	0
622	Agility	민첩	0	5	0	0	0	0	0	3	0	0	0	0	0	0	0	0	0	0	0	0	0	0	0	0	0	0	14	2	0	0	0	0	0	0	0	0	0	0	0	4	0	0	0	0	0	0	0
623	Agility	민첩	0	5	0	0	0	0	0	4	0	0	0	0	0	0	0	0	0	0	0	0	0	0	0	0	0	0	16	3	0	0	0	0	0	0	0	0	0	0	0	6	0	0	0	0	0	0	0
624	Agility	민첩	0	5	0	0	0	0	0	4	0	0	0	0	0	0	0	0	0	0	0	0	0	0	0	0	0	0	18	5	0	0	0	0	0	0	0	0	0	0	0	8	0	0	0	0	0	0	0
625	Agility	민첩	0	5	0	0	0	0	0	4	0	0	0	0	0	0	0	0	0	0	0	0	0	0	0	0	0	0	20	8	0	0	0	0	0	0	0	0	0	0	0	10	0	0	0	0	0	0	0
626	Agility	민첩	0	5	0	0	0	0	0	4	0	0	0	0	0	0	0	0	0	0	0	0	0	0	0	0	0	0	10	0	0	0	0	0	0	0	0	0	0	0	0	12	0	0	0	0	0	0	0
627	Agility	민첩	0	5	0	0	0	0	0	4	0	0	0	0	0	0	0	0	0	0	0	0	0	0	0	0	0	0	10	0	0	0	0	0	0	0	0	0	0	0	0	14	0	0	0	0	0	0	0
628	Agility	민첩	0	5	0	0	0	0	0	4	0	0	0	0	0	0	0	0	0	0	0	0	0	0	0	0	0	0	10	0	0	0	0	0	0	0	0	0	0	0	0	16	0	0	0	0	0	0	0
629	Agility	민첩	0	5	0	0	0	0	0	4	0	0	0	0	0	0	0	0	0	0	0	0	0	0	0	0	0	0	10	0	0	0	0	0	0	0	0	0	0	0	0	18	0	0	0	0	0	0	0
630	Agility	민첩	0	5	0	0	0	0	0	4	0	0	0	0	0	0	0	0	0	0	0	0	0	0	0	0	0	0	10	0	0	0	0	0	0	0	0	0	0	0	0	20	0	0	0	0	0	0	0
631	Agility	민첩	0	5	0	0	0	0	0	2	0	0	0	0	0	0	0	0	0	0	0	0	0	0	0	0	0	0	12	0	1	0	0	0	0	0	0	0	0	0	0	2	0	0	0	0	0	0	0
632	Agility	민첩	0	5	0	0	0	0	0	3	0	0	0	0	0	0	0	0	0	0	0	0	0	0	0	0	0	0	14	0	2	0	0	0	0	0	0	0	0	0	0	4	0	0	0	0	0	0	0
633	Agility	민첩	0	5	0	0	0	0	0	4	0	0	0	0	0	0	0	0	0	0	0	0	0	0	0	0	0	0	16	0	3	0	0	0	0	0	0	0	0	0	0	6	0	0	0	0	0	0	0
634	Agility	민첩	0	5	0	0	0	0	0	4	0	0	0	0	0	0	0	0	0	0	0	0	0	0	0	0	0	0	18	0	5	0	0	0	0	0	0	0	0	0	0	8	0	0	0	0	0	0	0
635	Agility	민첩	0	5	0	0	0	0	0	4	0	0	0	0	0	0	0	0	0	0	0	0	0	0	0	0	0	0	20	0	8	0	0	0	0	0	0	0	0	0	0	10	0	0	0	0	0	0	0
636	Agility	민첩	0	5	0	0	0	0	0	4	0	0	0	0	0	0	0	0	0	0	0	0	0	0	0	0	0	0	10	0	0	0	0	0	0	0	0	0	0	0	0	12	0	0	0	0	0	0	0
637	Agility	민첩	0	5	0	0	0	0	0	4	0	0	0	0	0	0	0	0	0	0	0	0	0	0	0	0	0	0	10	0	0	0	0	0	0	0	0	0	0	0	0	14	0	0	0	0	0	0	0
638	Agility	민첩	0	5	0	0	0	0	0	4	0	0	0	0	0	0	0	0	0	0	0	0	0	0	0	0	0	0	10	0	0	0	0	0	0	0	0	0	0	0	0	16	0	0	0	0	0	0	0
639	Agility	민첩	0	5	0	0	0	0	0	4	0	0	0	0	0	0	0	0	0	0	0	0	0	0	0	0	0	0	10	0	0	0	0	0	0	0	0	0	0	0	0	18	0	0	0	0	0	0	0
640	Agility	민첩	0	5	0	0	0	0	0	4	0	0	0	0	0	0	0	0	0	0	0	0	0	0	0	0	0	0	10	0	0	0	0	0	0	0	0	0	0	0	0	20	0	0	0	0	0	0	0
651	Wisdom	지능	0	5	0	0	0	0	0	2	0	0	0	0	0	0	0	0	0	0	0	0	0	0	0	0	1	0	0	12	0	0	0	0	0	0	0	0	0	0	0	2	0	0	0	0	0	0	0
652	Wisdom	지능	0	5	0	0	0	0	0	3	0	0	0	0	0	0	0	0	0	0	0	0	0	0	0	0	2	0	0	14	0	0	0	0	0	0	0	0	0	0	0	4	0	0	0	0	0	0	0
653	Wisdom	지능	0	5	0	0	0	0	0	4	0	0	0	0	0	0	0	0	0	0	0	0	0	0	0	0	3	0	0	16	0	0	0	0	0	0	0	0	0	0	0	6	0	0	0	0	0	0	0
654	Wisdom	지능	0	5	0	0	0	0	0	4	0	0	0	0	0	0	0	0	0	0	0	0	0	0	0	0	5	0	0	18	0	0	0	0	0	0	0	0	0	0	0	8	0	0	0	0	0	0	0
655	Wisdom	지능	0	5	0	0	0	0	0	4	0	0	0	0	0	0	0	0	0	0	0	0	0	0	0	0	8	0	0	20	0	0	0	0	0	0	0	0	0	0	0	10	0	0	0	0	0	0	0
656	Wisdom	지능	0	5	0	0	0	0	0	4	0	0	0	0	0	0	0	0	0	0	0	0	0	0	0	0	0	0	0	10	0	0	0	0	0	0	0	0	0	0	0	12	0	0	0	0	0	0	0
657	Wisdom	지능	0	5	0	0	0	0	0	4	0	0	0	0	0	0	0	0	0	0	0	0	0	0	0	0	0	0	0	10	0	0	0	0	0	0	0	0	0	0	0	14	0	0	0	0	0	0	0
658	Wisdom	지능	0	5	0	0	0	0	0	4	0	0	0	0	0	0	0	0	0	0	0	0	0	0	0	0	0	0	0	10	0	0	0	0	0	0	0	0	0	0	0	16	0	0	0	0	0	0	0
659	Wisdom	지능	0	5	0	0	0	0	0	4	0	0	0	0	0	0	0	0	0	0	0	0	0	0	0	0	0	0	0	10	0	0	0	0	0	0	0	0	0	0	0	18	0	0	0	0	0	0	0
660	Wisdom	지능	0	5	0	0	0	0	0	4	0	0	0	0	0	0	0	0	0	0	0	0	0	0	0	0	0	0	0	10	0	0	0	0	0	0	0	0	0	0	0	20	0	0	0	0	0	0	0
661	Wisdom	지능	0	5	0	0	0	0	0	2	0	0	0	0	0	0	0	0	0	0	0	0	0	0	0	0	0	1	0	12	0	0	0	0	0	0	0	0	0	0	0	2	0	0	0	0	0	0	0
662	Wisdom	지능	0	5	0	0	0	0	0	3	0	0	0	0	0	0	0	0	0	0	0	0	0	0	0	0	0	2	0	14	0	0	0	0	0	0	0	0	0	0	0	4	0	0	0	0	0	0	0
663	Wisdom	지능	0	5	0	0	0	0	0	4	0	0	0	0	0	0	0	0	0	0	0	0	0	0	0	0	0	3	0	16	0	0	0	0	0	0	0	0	0	0	0	6	0	0	0	0	0	0	0
664	Wisdom	지능	0	5	0	0	0	0	0	4	0	0	0	0	0	0	0	0	0	0	0	0	0	0	0	0	0	5	0	18	0	0	0	0	0	0	0	0	0	0	0	8	0	0	0	0	0	0	0
665	Wisdom	지능	0	5	0	0	0	0	0	4	0	0	0	0	0	0	0	0	0	0	0	0	0	0	0	0	0	8	0	20	0	0	0	0	0	0	0	0	0	0	0	10	0	0	0	0	0	0	0
666	Wisdom	지능	0	5	0	0	0	0	0	4	0	0	0	0	0	0	0	0	0	0	0	0	0	0	0	0	0	0	0	10	0	0	0	0	0	0	0	0	0	0	0	12	0	0	0	0	0	0	0
667	Wisdom	지능	0	5	0	0	0	0	0	4	0	0	0	0	0	0	0	0	0	0	0	0	0	0	0	0	0	0	0	10	0	0	0	0	0	0	0	0	0	0	0	14	0	0	0	0	0	0	0
668	Wisdom	지능	0	5	0	0	0	0	0	4	0	0	0	0	0	0	0	0	0	0	0	0	0	0	0	0	0	0	0	10	0	0	0	0	0	0	0	0	0	0	0	16	0	0	0	0	0	0	0
669	Wisdom	지능	0	5	0	0	0	0	0	4	0	0	0	0	0	0	0	0	0	0	0	0	0	0	0	0	0	0	0	10	0	0	0	0	0	0	0	0	0	0	0	18	0	0	0	0	0	0	0
670	Wisdom	지능	0	5	0	0	0	0	0	4	0	0	0	0	0	0	0	0	0	0	0	0	0	0	0	0	0	0	0	10	0	0	0	0	0	0	0	0	0	0	0	20	0	0	0	0	0	0	0
671	Wisdom	지능	0	5	0	0	0	0	0	2	0	0	0	0	0	0	0	0	0	0	0	0	0	0	0	0	0	0	1	12	0	0	0	0	0	0	0	0	0	0	0	2	0	0	0	0	0	0	0
672	Wisdom	지능	0	5	0	0	0	0	0	3	0	0	0	0	0	0	0	0	0	0	0	0	0	0	0	0	0	0	2	14	0	0	0	0	0	0	0	0	0	0	0	4	0	0	0	0	0	0	0
673	Wisdom	지능	0	5	0	0	0	0	0	4	0	0	0	0	0	0	0	0	0	0	0	0	0	0	0	0	0	0	3	16	0	0	0	0	0	0	0	0	0	0	0	6	0	0	0	0	0	0	0
674	Wisdom	지능	0	5	0	0	0	0	0	4	0	0	0	0	0	0	0	0	0	0	0	0	0	0	0	0	0	0	5	18	0	0	0	0	0	0	0	0	0	0	0	8	0	0	0	0	0	0	0
675	Wisdom	지능	0	5	0	0	0	0	0	4	0	0	0	0	0	0	0	0	0	0	0	0	0	0	0	0	0	0	8	20	0	0	0	0	0	0	0	0	0	0	0	10	0	0	0	0	0	0	0
676	Wisdom	지능	0	5	0	0	0	0	0	4	0	0	0	0	0	0	0	0	0	0	0	0	0	0	0	0	0	0	0	10	0	0	0	0	0	0	0	0	0	0	0	12	0	0	0	0	0	0	0
677	Wisdom	지능	0	5	0	0	0	0	0	4	0	0	0	0	0	0	0	0	0	0	0	0	0	0	0	0	0	0	0	10	0	0	0	0	0	0	0	0	0	0	0	14	0	0	0	0	0	0	0
678	Wisdom	지능	0	5	0	0	0	0	0	4	0	0	0	0	0	0	0	0	0	0	0	0	0	0	0	0	0	0	0	10	0	0	0	0	0	0	0	0	0	0	0	16	0	0	0	0	0	0	0
679	Wisdom	지능	0	5	0	0	0	0	0	4	0	0	0	0	0	0	0	0	0	0	0	0	0	0	0	0	0	0	0	10	0	0	0	0	0	0	0	0	0	0	0	18	0	0	0	0	0	0	0
680	Wisdom	지능	0	5	0	0	0	0	0	4	0	0	0	0	0	0	0	0	0	0	0	0	0	0	0	0	0	0	0	10	0	0	0	0	0	0	0	0	0	0	0	20	0	0	0	0	0	0	0
681	Wisdom	지능	0	5	0	0	0	0	0	2	0	0	0	0	0	0	0	0	0	0	0	0	0	0	0	0	0	0	0	12	1	0	0	0	0	0	0	0	0	0	0	2	0	0	0	0	0	0	0
682	Wisdom	지능	0	5	0	0	0	0	0	3	0	0	0	0	0	0	0	0	0	0	0	0	0	0	0	0	0	0	0	14	2	0	0	0	0	0	0	0	0	0	0	4	0	0	0	0	0	0	0
683	Wisdom	지능	0	5	0	0	0	0	0	4	0	0	0	0	0	0	0	0	0	0	0	0	0	0	0	0	0	0	0	16	3	0	0	0	0	0	0	0	0	0	0	6	0	0	0	0	0	0	0
684	Wisdom	지능	0	5	0	0	0	0	0	4	0	0	0	0	0	0	0	0	0	0	0	0	0	0	0	0	0	0	0	18	5	0	0	0	0	0	0	0	0	0	0	8	0	0	0	0	0	0	0
685	Wisdom	지능	0	5	0	0	0	0	0	4	0	0	0	0	0	0	0	0	0	0	0	0	0	0	0	0	0	0	0	20	8	0	0	0	0	0	0	0	0	0	0	10	0	0	0	0	0	0	0
686	Wisdom	지능	0	5	0	0	0	0	0	4	0	0	0	0	0	0	0	0	0	0	0	0	0	0	0	0	0	0	0	10	0	0	0	0	0	0	0	0	0	0	0	12	0	0	0	0	0	0	0
687	Wisdom	지능	0	5	0	0	0	0	0	4	0	0	0	0	0	0	0	0	0	0	0	0	0	0	0	0	0	0	0	10	0	0	0	0	0	0	0	0	0	0	0	14	0	0	0	0	0	0	0
688	Wisdom	지능	0	5	0	0	0	0	0	4	0	0	0	0	0	0	0	0	0	0	0	0	0	0	0	0	0	0	0	10	0	0	0	0	0	0	0	0	0	0	0	16	0	0	0	0	0	0	0
689	Wisdom	지능	0	5	0	0	0	0	0	4	0	0	0	0	0	0	0	0	0	0	0	0	0	0	0	0	0	0	0	10	0	0	0	0	0	0	0	0	0	0	0	18	0	0	0	0	0	0	0
690	Wisdom	지능	0	5	0	0	0	0	0	4	0	0	0	0	0	0	0	0	0	0	0	0	0	0	0	0	0	0	0	10	0	0	0	0	0	0	0	0	0	0	0	20	0	0	0	0	0	0	0
701	Mental	마력 상승	0	5	0	0	0	0	0	2	0	0	0	0	0	0	0	0	0	0	0	0	0	0	0	0	1	0	0	0	12	0	0	0	0	0	0	0	0	0	0	2	0	0	0	0	0	0	0
702	Mental	마력 상승	0	5	0	0	0	0	0	3	0	0	0	0	0	0	0	0	0	0	0	0	0	0	0	0	2	0	0	0	14	0	0	0	0	0	0	0	0	0	0	4	0	0	0	0	0	0	0
703	Mental	마력 상승	0	5	0	0	0	0	0	4	0	0	0	0	0	0	0	0	0	0	0	0	0	0	0	0	3	0	0	0	16	0	0	0	0	0	0	0	0	0	0	6	0	0	0	0	0	0	0
704	Mental	마력 상승	0	5	0	0	0	0	0	4	0	0	0	0	0	0	0	0	0	0	0	0	0	0	0	0	5	0	0	0	18	0	0	0	0	0	0	0	0	0	0	8	0	0	0	0	0	0	0
705	Mental	마력 상승	0	5	0	0	0	0	0	4	0	0	0	0	0	0	0	0	0	0	0	0	0	0	0	0	8	0	0	0	20	0	0	0	0	0	0	0	0	0	0	10	0	0	0	0	0	0	0
706	Mental	마력 상승	0	5	0	0	0	0	0	4	0	0	0	0	0	0	0	0	0	0	0	0	0	0	0	0	0	0	0	0	10	0	0	0	0	0	0	0	0	0	0	12	0	0	0	0	0	0	0
707	Mental	마력 상승	0	5	0	0	0	0	0	4	0	0	0	0	0	0	0	0	0	0	0	0	0	0	0	0	0	0	0	0	10	0	0	0	0	0	0	0	0	0	0	14	0	0	0	0	0	0	0
708	Mental	마력 상승	0	5	0	0	0	0	0	4	0	0	0	0	0	0	0	0	0	0	0	0	0	0	0	0	0	0	0	0	10	0	0	0	0	0	0	0	0	0	0	16	0	0	0	0	0	0	0
709	Mental	마력 상승	0	5	0	0	0	0	0	4	0	0	0	0	0	0	0	0	0	0	0	0	0	0	0	0	0	0	0	0	10	0	0	0	0	0	0	0	0	0	0	18	0	0	0	0	0	0	0
710	Mental	마력 상승	0	5	0	0	0	0	0	4	0	0	0	0	0	0	0	0	0	0	0	0	0	0	0	0	0	0	0	0	10	0	0	0	0	0	0	0	0	0	0	20	0	0	0	0	0	0	0
711	Mental	마력 상승	0	5	0	0	0	0	0	2	0	0	0	0	0	0	0	0	0	0	0	0	0	0	0	0	0	1	0	0	12	0	0	0	0	0	0	0	0	0	0	2	0	0	0	0	0	0	0
712	Mental	마력 상승	0	5	0	0	0	0	0	3	0	0	0	0	0	0	0	0	0	0	0	0	0	0	0	0	0	2	0	0	14	0	0	0	0	0	0	0	0	0	0	4	0	0	0	0	0	0	0
713	Mental	마력 상승	0	5	0	0	0	0	0	4	0	0	0	0	0	0	0	0	0	0	0	0	0	0	0	0	0	3	0	0	16	0	0	0	0	0	0	0	0	0	0	6	0	0	0	0	0	0	0
714	Mental	마력 상승	0	5	0	0	0	0	0	4	0	0	0	0	0	0	0	0	0	0	0	0	0	0	0	0	0	5	0	0	18	0	0	0	0	0	0	0	0	0	0	8	0	0	0	0	0	0	0
715	Mental	마력 상승	0	5	0	0	0	0	0	4	0	0	0	0	0	0	0	0	0	0	0	0	0	0	0	0	0	8	0	0	20	0	0	0	0	0	0	0	0	0	0	10	0	0	0	0	0	0	0
716	Mental	마력 상승	0	5	0	0	0	0	0	4	0	0	0	0	0	0	0	0	0	0	0	0	0	0	0	0	0	0	0	0	10	0	0	0	0	0	0	0	0	0	0	12	0	0	0	0	0	0	0
717	Mental	마력 상승	0	5	0	0	0	0	0	4	0	0	0	0	0	0	0	0	0	0	0	0	0	0	0	0	0	0	0	0	10	0	0	0	0	0	0	0	0	0	0	14	0	0	0	0	0	0	0
718	Mental	마력 상승	0	5	0	0	0	0	0	4	0	0	0	0	0	0	0	0	0	0	0	0	0	0	0	0	0	0	0	0	10	0	0	0	0	0	0	0	0	0	0	16	0	0	0	0	0	0	0
719	Mental	마력 상승	0	5	0	0	0	0	0	4	0	0	0	0	0	0	0	0	0	0	0	0	0	0	0	0	0	0	0	0	10	0	0	0	0	0	0	0	0	0	0	18	0	0	0	0	0	0	0
720	Mental	마력 상승	0	5	0	0	0	0	0	4	0	0	0	0	0	0	0	0	0	0	0	0	0	0	0	0	0	0	0	0	10	0	0	0	0	0	0	0	0	0	0	20	0	0	0	0	0	0	0
721	Mental	마력 상승	0	5	0	0	0	0	0	2	0	0	0	0	0	0	0	0	0	0	0	0	0	0	0	0	0	0	1	0	12	0	0	0	0	0	0	0	0	0	0	2	0	0	0	0	0	0	0
722	Mental	마력 상승	0	5	0	0	0	0	0	3	0	0	0	0	0	0	0	0	0	0	0	0	0	0	0	0	0	0	2	0	14	0	0	0	0	0	0	0	0	0	0	4	0	0	0	0	0	0	0
723	Mental	마력 상승	0	5	0	0	0	0	0	4	0	0	0	0	0	0	0	0	0	0	0	0	0	0	0	0	0	0	3	0	16	0	0	0	0	0	0	0	0	0	0	6	0	0	0	0	0	0	0
724	Mental	마력 상승	0	5	0	0	0	0	0	4	0	0	0	0	0	0	0	0	0	0	0	0	0	0	0	0	0	0	5	0	18	0	0	0	0	0	0	0	0	0	0	8	0	0	0	0	0	0	0
725	Mental	마력 상승	0	5	0	0	0	0	0	4	0	0	0	0	0	0	0	0	0	0	0	0	0	0	0	0	0	0	8	0	20	0	0	0	0	0	0	0	0	0	0	10	0	0	0	0	0	0	0
726	Mental	마력 상승	0	5	0	0	0	0	0	4	0	0	0	0	0	0	0	0	0	0	0	0	0	0	0	0	0	0	0	0	10	0	0	0	0	0	0	0	0	0	0	12	0	0	0	0	0	0	0
727	Mental	마력 상승	0	5	0	0	0	0	0	4	0	0	0	0	0	0	0	0	0	0	0	0	0	0	0	0	0	0	0	0	10	0	0	0	0	0	0	0	0	0	0	14	0	0	0	0	0	0	0
728	Mental	마력 상승	0	5	0	0	0	0	0	4	0	0	0	0	0	0	0	0	0	0	0	0	0	0	0	0	0	0	0	0	10	0	0	0	0	0	0	0	0	0	0	16	0	0	0	0	0	0	0
729	Mental	마력 상승	0	5	0	0	0	0	0	4	0	0	0	0	0	0	0	0	0	0	0	0	0	0	0	0	0	0	0	0	10	0	0	0	0	0	0	0	0	0	0	18	0	0	0	0	0	0	0
730	Mental	마력 상승	0	5	0	0	0	0	0	4	0	0	0	0	0	0	0	0	0	0	0	0	0	0	0	0	0	0	0	0	10	0	0	0	0	0	0	0	0	0	0	20	0	0	0	0	0	0	0
731	Mental	마력 상승	0	5	0	0	0	0	0	2	0	0	0	0	0	0	0	0	0	0	0	0	0	0	0	0	0	0	0	1	12	0	0	0	0	0	0	0	0	0	0	2	0	0	0	0	0	0	0
732	Mental	마력 상승	0	5	0	0	0	0	0	3	0	0	0	0	0	0	0	0	0	0	0	0	0	0	0	0	0	0	0	2	14	0	0	0	0	0	0	0	0	0	0	4	0	0	0	0	0	0	0
733	Mental	마력 상승	0	5	0	0	0	0	0	4	0	0	0	0	0	0	0	0	0	0	0	0	0	0	0	0	0	0	0	3	16	0	0	0	0	0	0	0	0	0	0	6	0	0	0	0	0	0	0
734	Mental	마력 상승	0	5	0	0	0	0	0	4	0	0	0	0	0	0	0	0	0	0	0	0	0	0	0	0	0	0	0	5	18	0	0	0	0	0	0	0	0	0	0	8	0	0	0	0	0	0	0
735	Mental	마력 상승	0	5	0	0	0	0	0	4	0	0	0	0	0	0	0	0	0	0	0	0	0	0	0	0	0	0	0	8	20	0	0	0	0	0	0	0	0	0	0	10	0	0	0	0	0	0	0
736	Mental	마력 상승	0	5	0	0	0	0	0	4	0	0	0	0	0	0	0	0	0	0	0	0	0	0	0	0	0	0	0	0	10	0	0	0	0	0	0	0	0	0	0	12	0	0	0	0	0	0	0
737	Mental	마력 상승	0	5	0	0	0	0	0	4	0	0	0	0	0	0	0	0	0	0	0	0	0	0	0	0	0	0	0	0	10	0	0	0	0	0	0	0	0	0	0	14	0	0	0	0	0	0	0
738	Mental	마력 상승	0	5	0	0	0	0	0	4	0	0	0	0	0	0	0	0	0	0	0	0	0	0	0	0	0	0	0	0	10	0	0	0	0	0	0	0	0	0	0	16	0	0	0	0	0	0	0
739	Mental	마력 상승	0	5	0	0	0	0	0	4	0	0	0	0	0	0	0	0	0	0	0	0	0	0	0	0	0	0	0	0	10	0	0	0	0	0	0	0	0	0	0	18	0	0	0	0	0	0	0
740	Mental	마력 상승	0	5	0	0	0	0	0	4	0	0	0	0	0	0	0	0	0	0	0	0	0	0	0	0	0	0	0	0	10	0	0	0	0	0	0	0	0	0	0	20	0	0	0	0	0	0	0
